{
    "lights": [
        {
            "pos": [
                0,
                200,
                0
            ],
            "color": [
                1,
                1,
                1
            ]
        },
        {
            "pos": [
                -5,
                2,
                -10
            ],
            "color": [
                1,
                1,
                1
            ]
        },
        {
            "pos": [
                5,
                2,
                10
            ],
            "color": [
                1,
                1,
                1
            ]
        }
    ],
    "cameras": [
        {},
        {},
        {}
    ],
    "name": "dinos",
    "materials": {
        "red": {
            "kd": [
                1,
                0,
                0.2
            ]
        }
    },
    "children": [
        {
            "transform": [
                1,
                0,
                0,
                2,
                0,
                6.123234262925839e-17,
                1,
                0,
                0,
                -1,
                6.123234262925839e-17,
                0,
                0,
                0,
                0,
                1
            ],
            "shapes": [
                {
                    "type": "scene",
                    "filename": "stagup1.json"
                }
            ]
        },
        {
            "transform": [
                0.9510565400123596,
                0.30901700258255005,
                0,
                1.9021130800247192,
                -1.8921834267128088e-17,
                5.823542094786447e-17,
                1,
                0,
                0.30901700258255005,
                -0.9510565400123596,
                6.123234262925839e-17,
                0.6180340051651001,
                0,
                0,
                0,
                1
            ],
            "shapes": [
                {
                    "type": "scene",
                    "filename": "stagup1.json"
                }
            ]
        },
        {
            "transform": [
                0.80901700258255,
                0.5877852439880371,
                0,
                1.6180340051651,
                -3.599146886768459e-17,
                4.953800723611851e-17,
                1,
                0,
                0.5877852439880371,
                -0.80901700258255,
                6.123234262925839e-17,
                1.1755704879760742,
                0,
                0,
                0,
                1
            ],
            "shapes": [
                {
                    "type": "scene",
                    "filename": "stagup1.json"
                }
            ]
        },
        {
            "transform": [
                0.5877852439880371,
                0.80901700258255,
                0,
                1.1755704879760742,
                -4.953800723611851e-17,
                3.599146886768459e-17,
                1,
                0,
                0.80901700258255,
                -0.5877852439880371,
                6.123234262925839e-17,
                1.6180340051651,
                0,
                0,
                0,
                1
            ],
            "shapes": [
                {
                    "type": "scene",
                    "filename": "stagup1.json"
                }
            ]
        },
        {
            "transform": [
                0.30901700258255005,
                0.9510565400123596,
                0,
                0.6180340051651001,
                -5.823542094786447e-17,
                1.8921834267128088e-17,
                1,
                0,
                0.9510565400123596,
                -0.30901700258255005,
                6.123234262925839e-17,
                1.9021130800247192,
                0,
                0,
                0,
                1
            ],
            "shapes": [
                {
                    "type": "scene",
                    "filename": "stagup1.json"
                }
            ]
        },
        {
            "transform": [
                6.123234262925839e-17,
                1,
                0,
                1.2246468525851679e-16,
                -6.123234262925839e-17,
                3.74939976039497e-33,
                1,
                0,
                1,
                -6.123234262925839e-17,
                6.123234262925839e-17,
                2,
                0,
                0,
                0,
                1
            ],
            "shapes": [
                {
                    "type": "scene",
                    "filename": "stagup1.json"
                }
            ]
        },
        {
            "transform": [
                -0.30901700258255005,
                0.9510565400123596,
                0,
                -0.6180340051651001,
                -5.823542094786447e-17,
                -1.8921834267128088e-17,
                1,
                0,
                0.9510565400123596,
                0.30901700258255005,
                6.123234262925839e-17,
                1.9021130800247192,
                0,
                0,
                0,
                1
            ],
            "shapes": [
                {
                    "type": "scene",
                    "filename": "stagup1.json"
                }
            ]
        },
        {
            "transform": [
                -0.5877852439880371,
                0.80901700258255,
                0,
                -1.1755704879760742,
                -4.953800723611851e-17,
                -3.599146886768459e-17,
                1,
                0,
                0.80901700258255,
                0.5877852439880371,
                6.123234262925839e-17,
                1.6180340051651,
                0,
                0,
                0,
                1
            ],
            "shapes": [
                {
                    "type": "scene",
                    "filename": "stagup1.json"
                }
            ]
        },
        {
            "transform": [
                -0.80901700258255,
                0.5877852439880371,
                0,
                -1.6180340051651,
                -3.599146886768459e-17,
                -4.953800723611851e-17,
                1,
                0,
                0.5877852439880371,
                0.80901700258255,
                6.123234262925839e-17,
                1.1755704879760742,
                0,
                0,
                0,
                1
            ],
            "shapes": [
                {
                    "type": "scene",
                    "filename": "stagup1.json"
                }
            ]
        },
        {
            "transform": [
                -0.9510565400123596,
                0.30901700258255005,
                0,
                -1.9021130800247192,
                -1.8921834267128088e-17,
                -5.823542094786447e-17,
                1,
                0,
                0.30901700258255005,
                0.9510565400123596,
                6.123234262925839e-17,
                0.6180340051651001,
                0,
                0,
                0,
                1
            ],
            "shapes": [
                {
                    "type": "scene",
                    "filename": "stagup1.json"
                }
            ]
        },
        {
            "transform": [
                -1,
                1.2246468525851679e-16,
                0,
                -2,
                -7.49879952078994e-33,
                -6.123234262925839e-17,
                1,
                0,
                1.2246468525851679e-16,
                1,
                6.123234262925839e-17,
                2.4492937051703357e-16,
                0,
                0,
                0,
                1
            ],
            "shapes": [
                {
                    "type": "scene",
                    "filename": "stagup1.json"
                }
            ]
        },
        {
            "transform": [
                -0.9510565400123596,
                -0.30901700258255005,
                0,
                -1.9021130800247192,
                1.8921834267128088e-17,
                -5.823542094786447e-17,
                1,
                0,
                -0.30901700258255005,
                0.9510565400123596,
                6.123234262925839e-17,
                -0.6180340051651001,
                0,
                0,
                0,
                1
            ],
            "shapes": [
                {
                    "type": "scene",
                    "filename": "stagup1.json"
                }
            ]
        },
        {
            "transform": [
                -0.80901700258255,
                -0.5877852439880371,
                0,
                -1.6180340051651,
                3.599146886768459e-17,
                -4.953800723611851e-17,
                1,
                0,
                -0.5877852439880371,
                0.80901700258255,
                6.123234262925839e-17,
                -1.1755704879760742,
                0,
                0,
                0,
                1
            ],
            "shapes": [
                {
                    "type": "scene",
                    "filename": "stagup1.json"
                }
            ]
        },
        {
            "transform": [
                -0.5877852439880371,
                -0.80901700258255,
                0,
                -1.1755704879760742,
                4.953800723611851e-17,
                -3.599146886768459e-17,
                1,
                0,
                -0.80901700258255,
                0.5877852439880371,
                6.123234262925839e-17,
                -1.6180340051651,
                0,
                0,
                0,
                1
            ],
            "shapes": [
                {
                    "type": "scene",
                    "filename": "stagup1.json"
                }
            ]
        },
        {
            "transform": [
                -0.30901700258255005,
                -0.9510565400123596,
                0,
                -0.6180340051651001,
                5.823542094786447e-17,
                -1.8921834267128088e-17,
                1,
                0,
                -0.9510565400123596,
                0.30901700258255005,
                6.123234262925839e-17,
                -1.9021130800247192,
                0,
                0,
                0,
                1
            ],
            "shapes": [
                {
                    "type": "scene",
                    "filename": "stagup1.json"
                }
            ]
        },
        {
            "transform": [
                -1.8369701465288538e-16,
                -1,
                0,
                -3.6739402930577075e-16,
                6.123234262925839e-17,
                -1.1248198179158957e-32,
                1,
                0,
                -1,
                1.8369701465288538e-16,
                6.123234262925839e-17,
                -2,
                0,
                0,
                0,
                1
            ],
            "shapes": [
                {
                    "type": "scene",
                    "filename": "stagup1.json"
                }
            ]
        },
        {
            "transform": [
                0.30901700258255005,
                -0.9510565400123596,
                0,
                0.6180340051651001,
                5.823542094786447e-17,
                1.8921834267128088e-17,
                1,
                0,
                -0.9510565400123596,
                -0.30901700258255005,
                6.123234262925839e-17,
                -1.9021130800247192,
                0,
                0,
                0,
                1
            ],
            "shapes": [
                {
                    "type": "scene",
                    "filename": "stagup1.json"
                }
            ]
        },
        {
            "transform": [
                0.5877852439880371,
                -0.80901700258255,
                0,
                1.1755704879760742,
                4.953800723611851e-17,
                3.599146886768459e-17,
                1,
                0,
                -0.80901700258255,
                -0.5877852439880371,
                6.123234262925839e-17,
                -1.6180340051651,
                0,
                0,
                0,
                1
            ],
            "shapes": [
                {
                    "type": "scene",
                    "filename": "stagup1.json"
                }
            ]
        },
        {
            "transform": [
                0.80901700258255,
                -0.5877852439880371,
                0,
                1.6180340051651,
                3.599146886768459e-17,
                4.953800723611851e-17,
                1,
                0,
                -0.5877852439880371,
                -0.80901700258255,
                6.123234262925839e-17,
                -1.1755704879760742,
                0,
                0,
                0,
                1
            ],
            "shapes": [
                {
                    "type": "scene",
                    "filename": "stagup1.json"
                }
            ]
        },
        {
            "transform": [
                0.9510565400123596,
                -0.30901700258255005,
                0,
                1.9021130800247192,
                1.8921834267128088e-17,
                5.823542094786447e-17,
                1,
                0,
                -0.30901700258255005,
                -0.9510565400123596,
                6.123234262925839e-17,
                -0.6180340051651001,
                0,
                0,
                0,
                1
            ],
            "shapes": [
                {
                    "type": "scene",
                    "filename": "stagup1.json"
                }
            ]
        }
    ]
}