{
    "lights": [
        {
            "pos": [
                0,
                200,
                0
            ],
            "color": [
                1,
                1,
                1
            ]
        },
        {
            "pos": [
                -5,
                2,
                -10
            ],
            "color": [
                1,
                1,
                1
            ]
        },
        {
            "pos": [
                5,
                2,
                10
            ],
            "color": [
                1,
                1,
                1
            ]
        }
    ],
    "cameras": [
        {},
        {},
        {}
    ],
    "name": "dinos",
    "materials": {
        "cave": {
            "kd": [
                1,
                0,
                0.2
            ]
        }
    },
    "children": [
        {
            "transform": [
                1,
                0,
                0,
                12,
                0,
                6.123234262925839e-17,
                1,
                0,
                0,
                -1,
                6.123234262925839e-17,
                0,
                0,
                0,
                0,
                1
            ],
            "shapes": [
                {
                    "material": "cave",
                    "type": "sphere",
                    "radius": 1
                }
            ]
        },
        {
            "transform": [
                0.9510565400123596,
                0.30901700258255005,
                0,
                11.412677764892578,
                -1.8921834267128088e-17,
                5.823542094786447e-17,
                1,
                0,
                0.30901700258255005,
                -0.9510565400123596,
                6.123234262925839e-17,
                3.7082040309906006,
                0,
                0,
                0,
                1
            ],
            "shapes": [
                {
                    "material": "cave",
                    "type": "sphere",
                    "radius": 1
                }
            ]
        },
        {
            "transform": [
                0.80901700258255,
                0.5877852439880371,
                0,
                9.70820426940918,
                -3.599146886768459e-17,
                4.953800723611851e-17,
                1,
                0,
                0.5877852439880371,
                -0.80901700258255,
                6.123234262925839e-17,
                7.053422927856445,
                0,
                0,
                0,
                1
            ],
            "shapes": [
                {
                    "material": "cave",
                    "type": "sphere",
                    "radius": 1
                }
            ]
        },
        {
            "transform": [
                0.5877852439880371,
                0.80901700258255,
                0,
                7.053422927856445,
                -4.953800723611851e-17,
                3.599146886768459e-17,
                1,
                0,
                0.80901700258255,
                -0.5877852439880371,
                6.123234262925839e-17,
                9.70820426940918,
                0,
                0,
                0,
                1
            ],
            "shapes": [
                {
                    "material": "cave",
                    "type": "sphere",
                    "radius": 1
                }
            ]
        },
        {
            "transform": [
                0.30901700258255005,
                0.9510565400123596,
                0,
                3.7082040309906006,
                -5.823542094786447e-17,
                1.8921834267128088e-17,
                1,
                0,
                0.9510565400123596,
                -0.30901700258255005,
                6.123234262925839e-17,
                11.412677764892578,
                0,
                0,
                0,
                1
            ],
            "shapes": [
                {
                    "material": "cave",
                    "type": "sphere",
                    "radius": 1
                }
            ]
        },
        {
            "transform": [
                6.123234262925839e-17,
                1,
                0,
                7.347880586115415e-16,
                -6.123234262925839e-17,
                3.74939976039497e-33,
                1,
                0,
                1,
                -6.123234262925839e-17,
                6.123234262925839e-17,
                12,
                0,
                0,
                0,
                1
            ],
            "shapes": [
                {
                    "material": "cave",
                    "type": "sphere",
                    "radius": 1
                }
            ]
        },
        {
            "transform": [
                -0.30901700258255005,
                0.9510565400123596,
                0,
                -3.7082040309906006,
                -5.823542094786447e-17,
                -1.8921834267128088e-17,
                1,
                0,
                0.9510565400123596,
                0.30901700258255005,
                6.123234262925839e-17,
                11.412677764892578,
                0,
                0,
                0,
                1
            ],
            "shapes": [
                {
                    "material": "cave",
                    "type": "sphere",
                    "radius": 1
                }
            ]
        },
        {
            "transform": [
                -0.5877852439880371,
                0.80901700258255,
                0,
                -7.053422927856445,
                -4.953800723611851e-17,
                -3.599146886768459e-17,
                1,
                0,
                0.80901700258255,
                0.5877852439880371,
                6.123234262925839e-17,
                9.70820426940918,
                0,
                0,
                0,
                1
            ],
            "shapes": [
                {
                    "material": "cave",
                    "type": "sphere",
                    "radius": 1
                }
            ]
        },
        {
            "transform": [
                -0.80901700258255,
                0.5877852439880371,
                0,
                -9.70820426940918,
                -3.599146886768459e-17,
                -4.953800723611851e-17,
                1,
                0,
                0.5877852439880371,
                0.80901700258255,
                6.123234262925839e-17,
                7.053422927856445,
                0,
                0,
                0,
                1
            ],
            "shapes": [
                {
                    "material": "cave",
                    "type": "sphere",
                    "radius": 1
                }
            ]
        },
        {
            "transform": [
                -0.9510565400123596,
                0.30901700258255005,
                0,
                -11.412677764892578,
                -1.8921834267128088e-17,
                -5.823542094786447e-17,
                1,
                0,
                0.30901700258255005,
                0.9510565400123596,
                6.123234262925839e-17,
                3.7082040309906006,
                0,
                0,
                0,
                1
            ],
            "shapes": [
                {
                    "material": "cave",
                    "type": "sphere",
                    "radius": 1
                }
            ]
        },
        {
            "transform": [
                -1,
                1.2246468525851679e-16,
                0,
                -12,
                -7.49879952078994e-33,
                -6.123234262925839e-17,
                1,
                0,
                1.2246468525851679e-16,
                1,
                6.123234262925839e-17,
                1.469576117223083e-15,
                0,
                0,
                0,
                1
            ],
            "shapes": [
                {
                    "material": "cave",
                    "type": "sphere",
                    "radius": 1
                }
            ]
        },
        {
            "transform": [
                -0.9510565400123596,
                -0.30901700258255005,
                0,
                -11.412677764892578,
                1.8921834267128088e-17,
                -5.823542094786447e-17,
                1,
                0,
                -0.30901700258255005,
                0.9510565400123596,
                6.123234262925839e-17,
                -3.7082040309906006,
                0,
                0,
                0,
                1
            ],
            "shapes": [
                {
                    "material": "cave",
                    "type": "sphere",
                    "radius": 1
                }
            ]
        },
        {
            "transform": [
                -0.80901700258255,
                -0.5877852439880371,
                0,
                -9.70820426940918,
                3.599146886768459e-17,
                -4.953800723611851e-17,
                1,
                0,
                -0.5877852439880371,
                0.80901700258255,
                6.123234262925839e-17,
                -7.053422927856445,
                0,
                0,
                0,
                1
            ],
            "shapes": [
                {
                    "material": "cave",
                    "type": "sphere",
                    "radius": 1
                }
            ]
        },
        {
            "transform": [
                -0.5877852439880371,
                -0.80901700258255,
                0,
                -7.053422927856445,
                4.953800723611851e-17,
                -3.599146886768459e-17,
                1,
                0,
                -0.80901700258255,
                0.5877852439880371,
                6.123234262925839e-17,
                -9.70820426940918,
                0,
                0,
                0,
                1
            ],
            "shapes": [
                {
                    "material": "cave",
                    "type": "sphere",
                    "radius": 1
                }
            ]
        },
        {
            "transform": [
                -0.30901700258255005,
                -0.9510565400123596,
                0,
                -3.7082040309906006,
                5.823542094786447e-17,
                -1.8921834267128088e-17,
                1,
                0,
                -0.9510565400123596,
                0.30901700258255005,
                6.123234262925839e-17,
                -11.412677764892578,
                0,
                0,
                0,
                1
            ],
            "shapes": [
                {
                    "material": "cave",
                    "type": "sphere",
                    "radius": 1
                }
            ]
        },
        {
            "transform": [
                -1.8369701465288538e-16,
                -1,
                0,
                -2.204364281713743e-15,
                6.123234262925839e-17,
                -1.1248198179158957e-32,
                1,
                0,
                -1,
                1.8369701465288538e-16,
                6.123234262925839e-17,
                -12,
                0,
                0,
                0,
                1
            ],
            "shapes": [
                {
                    "material": "cave",
                    "type": "sphere",
                    "radius": 1
                }
            ]
        },
        {
            "transform": [
                0.30901700258255005,
                -0.9510565400123596,
                0,
                3.7082040309906006,
                5.823542094786447e-17,
                1.8921834267128088e-17,
                1,
                0,
                -0.9510565400123596,
                -0.30901700258255005,
                6.123234262925839e-17,
                -11.412677764892578,
                0,
                0,
                0,
                1
            ],
            "shapes": [
                {
                    "material": "cave",
                    "type": "sphere",
                    "radius": 1
                }
            ]
        },
        {
            "transform": [
                0.5877852439880371,
                -0.80901700258255,
                0,
                7.053422927856445,
                4.953800723611851e-17,
                3.599146886768459e-17,
                1,
                0,
                -0.80901700258255,
                -0.5877852439880371,
                6.123234262925839e-17,
                -9.70820426940918,
                0,
                0,
                0,
                1
            ],
            "shapes": [
                {
                    "material": "cave",
                    "type": "sphere",
                    "radius": 1
                }
            ]
        },
        {
            "transform": [
                0.80901700258255,
                -0.5877852439880371,
                0,
                9.70820426940918,
                3.599146886768459e-17,
                4.953800723611851e-17,
                1,
                0,
                -0.5877852439880371,
                -0.80901700258255,
                6.123234262925839e-17,
                -7.053422927856445,
                0,
                0,
                0,
                1
            ],
            "shapes": [
                {
                    "material": "cave",
                    "type": "sphere",
                    "radius": 1
                }
            ]
        },
        {
            "transform": [
                0.9510565400123596,
                -0.30901700258255005,
                0,
                11.412677764892578,
                1.8921834267128088e-17,
                5.823542094786447e-17,
                1,
                0,
                -0.30901700258255005,
                -0.9510565400123596,
                6.123234262925839e-17,
                -3.7082040309906006,
                0,
                0,
                0,
                1
            ],
            "shapes": [
                {
                    "material": "cave",
                    "type": "sphere",
                    "radius": 1
                }
            ]
        }
    ]
}