{
    "lights": [
        {
            "pos": [
                0,
                200,
                0
            ],
            "color": [
                1,
                1,
                1
            ]
        },
        {
            "pos": [
                -5,
                2,
                -10
            ],
            "color": [
                1,
                1,
                1
            ]
        },
        {
            "pos": [
                5,
                2,
                10
            ],
            "color": [
                1,
                1,
                1
            ]
        }
    ],
    "cameras": [
        {
            "pos": [
                55.11,
                -12.93,
                32.8
            ],
            "rot": [
                -0.06,
                -0.57,
                0.04,
                0.82
            ],
            "fovy": 1
        },
        {
            "pos": [
                0,
                1.5,
                -5
            ],
            "rot": [
                0,
                1,
                0,
                0
            ],
            "fovy": 1
        }
    ],
    "name": "dinos",
    "materials": {
        "red": {
            "kd": [
                1,
                0,
                0.2
            ]
        },
        "green": {
            "ka": [
                0.05,
                0.05,
                0.05
            ],
            "kd": [
                0,
                1,
                0
            ],
            "ks": [
                0.8,
                0,
                0
            ]
        }
    },
    "children": [
        {
            "transform": [
                -1,
                1.2246468525851679e-16,
                7.49879952078994e-33,
                -30,
                0,
                6.123234262925839e-17,
                -1,
                0,
                -1.2246468525851679e-16,
                -1,
                -6.123234262925839e-17,
                -3.673940610695063e-15,
                0,
                0,
                0,
                1
            ],
            "shapes": [
                {
                    "type": "mesh",
                    "filename": "ggslac/meshes/dinopet.off",
                    "material": "green"
                }
            ]
        },
        {
            "transform": [
                -0.9510565400123596,
                0.30901700258255005,
                1.8921834267128088e-17,
                -27.135255813598633,
                0,
                6.123234262925839e-17,
                -1,
                -9.270509719848633,
                -0.30901700258255005,
                -0.9510565400123596,
                -5.823542094786447e-17,
                -8.816779136657715,
                0,
                0,
                0,
                1
            ],
            "shapes": [
                {
                    "type": "mesh",
                    "filename": "ggslac/meshes/dinopet.off",
                    "material": "green"
                }
            ]
        },
        {
            "transform": [
                -0.80901700258255,
                0.5877852439880371,
                3.599146886768459e-17,
                -19.635255813598633,
                0,
                6.123234262925839e-17,
                -1,
                -17.63355827331543,
                -0.5877852439880371,
                -0.80901700258255,
                -4.953800723611851e-17,
                -14.265847206115723,
                0,
                0,
                0,
                1
            ],
            "shapes": [
                {
                    "type": "mesh",
                    "filename": "ggslac/meshes/dinopet.off",
                    "material": "green"
                }
            ]
        },
        {
            "transform": [
                -0.5877852439880371,
                0.80901700258255,
                4.953800723611851e-17,
                -10.364745140075684,
                0,
                6.123234262925839e-17,
                -1,
                -24.270509719848633,
                -0.80901700258255,
                -0.5877852439880371,
                -3.599146886768459e-17,
                -14.265848159790039,
                0,
                0,
                0,
                1
            ],
            "shapes": [
                {
                    "type": "mesh",
                    "filename": "ggslac/meshes/dinopet.off",
                    "material": "green"
                }
            ]
        },
        {
            "transform": [
                -0.30901700258255005,
                0.9510565400123596,
                5.823542094786447e-17,
                -2.8647451400756836,
                0,
                6.123234262925839e-17,
                -1,
                -28.531696319580078,
                -0.9510565400123596,
                -0.30901700258255005,
                -1.8921834267128088e-17,
                -8.816779136657715,
                0,
                0,
                0,
                1
            ],
            "shapes": [
                {
                    "type": "mesh",
                    "filename": "ggslac/meshes/dinopet.off",
                    "material": "green"
                }
            ]
        },
        {
            "transform": [
                6.123234262925839e-17,
                1,
                6.123234262925839e-17,
                1.8369703053475314e-15,
                0,
                6.123234262925839e-17,
                -1,
                -30,
                -1,
                6.123234262925839e-17,
                3.74939976039497e-33,
                -1.8369700935892946e-15,
                0,
                0,
                0,
                1
            ],
            "shapes": [
                {
                    "type": "mesh",
                    "filename": "ggslac/meshes/dinopet.off",
                    "material": "green"
                }
            ]
        },
        {
            "transform": [
                0.30901700258255005,
                0.9510565400123596,
                5.823542094786447e-17,
                -2.8647451400756836,
                0,
                6.123234262925839e-17,
                -1,
                -28.531696319580078,
                -0.9510565400123596,
                0.30901700258255005,
                1.8921834267128088e-17,
                8.816779136657715,
                0,
                0,
                0,
                1
            ],
            "shapes": [
                {
                    "type": "mesh",
                    "filename": "ggslac/meshes/dinopet.off",
                    "material": "green"
                }
            ]
        },
        {
            "transform": [
                0.5877852439880371,
                0.80901700258255,
                4.953800723611851e-17,
                -10.364745140075684,
                0,
                6.123234262925839e-17,
                -1,
                -24.270509719848633,
                -0.80901700258255,
                0.5877852439880371,
                3.599146886768459e-17,
                14.265848159790039,
                0,
                0,
                0,
                1
            ],
            "shapes": [
                {
                    "type": "mesh",
                    "filename": "ggslac/meshes/dinopet.off",
                    "material": "green"
                }
            ]
        },
        {
            "transform": [
                0.80901700258255,
                0.5877852439880371,
                3.599146886768459e-17,
                -19.635255813598633,
                0,
                6.123234262925839e-17,
                -1,
                -17.63355827331543,
                -0.5877852439880371,
                0.80901700258255,
                4.953800723611851e-17,
                14.265847206115723,
                0,
                0,
                0,
                1
            ],
            "shapes": [
                {
                    "type": "mesh",
                    "filename": "ggslac/meshes/dinopet.off",
                    "material": "green"
                }
            ]
        },
        {
            "transform": [
                0.9510565400123596,
                0.30901700258255005,
                1.8921834267128088e-17,
                -27.135255813598633,
                0,
                6.123234262925839e-17,
                -1,
                -9.270509719848633,
                -0.30901700258255005,
                0.9510565400123596,
                5.823542094786447e-17,
                8.816779136657715,
                0,
                0,
                0,
                1
            ],
            "shapes": [
                {
                    "type": "mesh",
                    "filename": "ggslac/meshes/dinopet.off",
                    "material": "green"
                }
            ]
        },
        {
            "transform": [
                1,
                0,
                0,
                -30,
                0,
                6.123234262925839e-17,
                -1,
                -3.673940187178589e-15,
                0,
                1,
                6.123234262925839e-17,
                2.249639694606509e-31,
                0,
                0,
                0,
                1
            ],
            "shapes": [
                {
                    "type": "mesh",
                    "filename": "ggslac/meshes/dinopet.off",
                    "material": "green"
                }
            ]
        },
        {
            "transform": [
                0.9510565400123596,
                -0.30901700258255005,
                -1.8921834267128088e-17,
                -27.135255813598633,
                0,
                6.123234262925839e-17,
                -1,
                9.270509719848633,
                0.30901700258255005,
                0.9510565400123596,
                5.823542094786447e-17,
                -8.816779136657715,
                0,
                0,
                0,
                1
            ],
            "shapes": [
                {
                    "type": "mesh",
                    "filename": "ggslac/meshes/dinopet.off",
                    "material": "green"
                }
            ]
        },
        {
            "transform": [
                0.80901700258255,
                -0.5877852439880371,
                -3.599146886768459e-17,
                -19.635255813598633,
                0,
                6.123234262925839e-17,
                -1,
                17.63355827331543,
                0.5877852439880371,
                0.80901700258255,
                4.953800723611851e-17,
                -14.265847206115723,
                0,
                0,
                0,
                1
            ],
            "shapes": [
                {
                    "type": "mesh",
                    "filename": "ggslac/meshes/dinopet.off",
                    "material": "green"
                }
            ]
        },
        {
            "transform": [
                0.5877852439880371,
                -0.80901700258255,
                -4.953800723611851e-17,
                -10.364745140075684,
                0,
                6.123234262925839e-17,
                -1,
                24.270509719848633,
                0.80901700258255,
                0.5877852439880371,
                3.599146886768459e-17,
                -14.265848159790039,
                0,
                0,
                0,
                1
            ],
            "shapes": [
                {
                    "type": "mesh",
                    "filename": "ggslac/meshes/dinopet.off",
                    "material": "green"
                }
            ]
        },
        {
            "transform": [
                0.30901700258255005,
                -0.9510565400123596,
                -5.823542094786447e-17,
                -2.8647451400756836,
                0,
                6.123234262925839e-17,
                -1,
                28.531696319580078,
                0.9510565400123596,
                0.30901700258255005,
                1.8921834267128088e-17,
                -8.816779136657715,
                0,
                0,
                0,
                1
            ],
            "shapes": [
                {
                    "type": "mesh",
                    "filename": "ggslac/meshes/dinopet.off",
                    "material": "green"
                }
            ]
        },
        {
            "transform": [
                6.123234262925839e-17,
                -1,
                -6.123234262925839e-17,
                1.8369703053475314e-15,
                0,
                6.123234262925839e-17,
                -1,
                30,
                1,
                6.123234262925839e-17,
                3.74939976039497e-33,
                -5.510910704284357e-15,
                0,
                0,
                0,
                1
            ],
            "shapes": [
                {
                    "type": "mesh",
                    "filename": "ggslac/meshes/dinopet.off",
                    "material": "green"
                }
            ]
        },
        {
            "transform": [
                -0.30901700258255005,
                -0.9510565400123596,
                -5.823542094786447e-17,
                -2.8647451400756836,
                0,
                6.123234262925839e-17,
                -1,
                28.531696319580078,
                0.9510565400123596,
                -0.30901700258255005,
                -1.8921834267128088e-17,
                8.816779136657715,
                0,
                0,
                0,
                1
            ],
            "shapes": [
                {
                    "type": "mesh",
                    "filename": "ggslac/meshes/dinopet.off",
                    "material": "green"
                }
            ]
        },
        {
            "transform": [
                -0.5877852439880371,
                -0.80901700258255,
                -4.953800723611851e-17,
                -10.364745140075684,
                0,
                6.123234262925839e-17,
                -1,
                24.270509719848633,
                0.80901700258255,
                -0.5877852439880371,
                -3.599146886768459e-17,
                14.265848159790039,
                0,
                0,
                0,
                1
            ],
            "shapes": [
                {
                    "type": "mesh",
                    "filename": "ggslac/meshes/dinopet.off",
                    "material": "green"
                }
            ]
        },
        {
            "transform": [
                -0.80901700258255,
                -0.5877852439880371,
                -3.599146886768459e-17,
                -19.635255813598633,
                0,
                6.123234262925839e-17,
                -1,
                17.63355827331543,
                0.5877852439880371,
                -0.80901700258255,
                -4.953800723611851e-17,
                14.265847206115723,
                0,
                0,
                0,
                1
            ],
            "shapes": [
                {
                    "type": "mesh",
                    "filename": "ggslac/meshes/dinopet.off",
                    "material": "green"
                }
            ]
        },
        {
            "transform": [
                -0.9510565400123596,
                -0.30901700258255005,
                -1.8921834267128088e-17,
                -27.135255813598633,
                0,
                6.123234262925839e-17,
                -1,
                9.270509719848633,
                0.30901700258255005,
                -0.9510565400123596,
                -5.823542094786447e-17,
                8.816779136657715,
                0,
                0,
                0,
                1
            ],
            "shapes": [
                {
                    "type": "mesh",
                    "filename": "ggslac/meshes/dinopet.off",
                    "material": "green"
                }
            ]
        }
    ]
}