{
    "lights": [
        {
            "pos": [
                0,
                200,
                0
            ],
            "color": [
                1,
                1,
                1
            ]
        },
        {
            "pos": [
                -5,
                2,
                -10
            ],
            "color": [
                1,
                1,
                1
            ]
        },
        {
            "pos": [
                5,
                2,
                10
            ],
            "color": [
                1,
                1,
                1
            ]
        }
    ],
    "cameras": [
        {"pos": [-0.26,6.17,20.17],
            "rot": [0.24,0.01,0.00,0.97],
            "fovy": 1.0}
        
        
    ],
    "name": "dinos",
    "materials": {
        "red": {
            "kd": [
                1,
                0,
                0.2
            ]
        }
    },
    "children": [
        {
            "transform": [
                1,
                0,
                0,
                0,
                0,
                0,
                1,
                0,
                0,
                -1,
                0,
                0,
                0,
                0,
                0,
                1
            ],
            "shapes": [
                {
                    "type": "mesh",
                    "filename": "ggslac/meshes/dinopet.off"
                }
            ]
        },
        {
            "transform": [
                1,
                0,
                0,
                10,
                0,
                -0.5984600782394409,
                0.8011526465415955,
                0,
                0,
                -0.8011526465415955,
                -0.5984600782394409,
                0,
                0,
                0,
                0,
                1
            ],
            "shapes": [
                {
                    "type": "mesh",
                    "filename": "ggslac/meshes/dinopet.off"
                }
            ]
        },
        {
            "transform": [
                0.9510565400123596,
                0.24756978452205658,
                0.1849343329668045,
                8.090169906616211,
                0,
                -0.5984600782394409,
                0.8011526465415955,
                0,
                0.30901700258255005,
                -0.7619414925575256,
                -0.5691693425178528,
                5.877852439880371,
                0,
                0,
                0,
                1
            ],
            "shapes": [
                {
                    "type": "mesh",
                    "filename": "ggslac/meshes/dinopet.off"
                }
            ]
        },
        {
            "transform": [
                0.80901700258255,
                0.47090569138526917,
                0.3517659902572632,
                3.09017014503479,
                0,
                -0.5984600782394409,
                0.8011526465415955,
                0,
                0.5877852439880371,
                -0.6481460928916931,
                -0.48416438698768616,
                9.510564804077148,
                0,
                0,
                0,
                1
            ],
            "shapes": [
                {
                    "type": "mesh",
                    "filename": "ggslac/meshes/dinopet.off"
                }
            ]
        },
        {
            "transform": [
                0.5877852439880371,
                0.6481460928916931,
                0.48416438698768616,
                -3.09017014503479,
                0,
                -0.5984600782394409,
                0.8011526465415955,
                0,
                0.80901700258255,
                -0.47090569138526917,
                -0.3517659902572632,
                9.510564804077148,
                0,
                0,
                0,
                1
            ],
            "shapes": [
                {
                    "type": "mesh",
                    "filename": "ggslac/meshes/dinopet.off"
                }
            ]
        },
        {
            "transform": [
                0.30901700258255005,
                0.7619414925575256,
                0.5691693425178528,
                -8.090169906616211,
                0,
                -0.5984600782394409,
                0.8011526465415955,
                0,
                0.9510565400123596,
                -0.24756978452205658,
                -0.1849343329668045,
                5.877852439880371,
                0,
                0,
                0,
                1
            ],
            "shapes": [
                {
                    "type": "mesh",
                    "filename": "ggslac/meshes/dinopet.off"
                }
            ]
        },
        {
            "transform": [
                6.123234262925839e-17,
                0.8011526465415955,
                0.5984600782394409,
                -10,
                0,
                -0.5984600782394409,
                0.8011526465415955,
                0,
                1,
                -4.905645246199219e-17,
                -3.664511360516889e-17,
                1.2246467996456087e-15,
                0,
                0,
                0,
                1
            ],
            "shapes": [
                {
                    "type": "mesh",
                    "filename": "ggslac/meshes/dinopet.off"
                }
            ]
        },
        {
            "transform": [
                -0.30901700258255005,
                0.7619414925575256,
                0.5691693425178528,
                -8.090169906616211,
                0,
                -0.5984600782394409,
                0.8011526465415955,
                0,
                0.9510565400123596,
                0.24756978452205658,
                0.1849343329668045,
                -5.877852439880371,
                0,
                0,
                0,
                1
            ],
            "shapes": [
                {
                    "type": "mesh",
                    "filename": "ggslac/meshes/dinopet.off"
                }
            ]
        },
        {
            "transform": [
                -0.5877852439880371,
                0.6481460928916931,
                0.48416438698768616,
                -3.09017014503479,
                0,
                -0.5984600782394409,
                0.8011526465415955,
                0,
                0.80901700258255,
                0.47090569138526917,
                0.3517659902572632,
                -9.510564804077148,
                0,
                0,
                0,
                1
            ],
            "shapes": [
                {
                    "type": "mesh",
                    "filename": "ggslac/meshes/dinopet.off"
                }
            ]
        },
        {
            "transform": [
                -0.80901700258255,
                0.47090569138526917,
                0.3517659902572632,
                3.09017014503479,
                0,
                -0.5984600782394409,
                0.8011526465415955,
                0,
                0.5877852439880371,
                0.6481460928916931,
                0.48416438698768616,
                -9.510564804077148,
                0,
                0,
                0,
                1
            ],
            "shapes": [
                {
                    "type": "mesh",
                    "filename": "ggslac/meshes/dinopet.off"
                }
            ]
        },
        {
            "transform": [
                -0.9510565400123596,
                0.24756978452205658,
                0.1849343329668045,
                8.090169906616211,
                0,
                -0.5984600782394409,
                0.8011526465415955,
                0,
                0.30901700258255005,
                0.7619414925575256,
                0.5691693425178528,
                -5.877852439880371,
                0,
                0,
                0,
                1
            ],
            "shapes": [
                {
                    "type": "mesh",
                    "filename": "ggslac/meshes/dinopet.off"
                }
            ]
        },
        {
            "transform": [
                -1,
                9.811290492398438e-17,
                7.329022721033778e-17,
                10,
                0,
                -0.5984600782394409,
                0.8011526465415955,
                0,
                1.2246468525851679e-16,
                0.8011526465415955,
                0.5984600782394409,
                -2.4492935992912173e-15,
                0,
                0,
                0,
                1
            ],
            "shapes": [
                {
                    "type": "mesh",
                    "filename": "ggslac/meshes/dinopet.off"
                }
            ]
        },
        {
            "transform": [
                -0.9510565400123596,
                -0.24756978452205658,
                -0.1849343329668045,
                8.090169906616211,
                0,
                -0.5984600782394409,
                0.8011526465415955,
                0,
                -0.30901700258255005,
                0.7619414925575256,
                0.5691693425178528,
                5.877852439880371,
                0,
                0,
                0,
                1
            ],
            "shapes": [
                {
                    "type": "mesh",
                    "filename": "ggslac/meshes/dinopet.off"
                }
            ]
        },
        {
            "transform": [
                -0.80901700258255,
                -0.47090569138526917,
                -0.3517659902572632,
                3.09017014503479,
                0,
                -0.5984600782394409,
                0.8011526465415955,
                0,
                -0.5877852439880371,
                0.6481460928916931,
                0.48416438698768616,
                9.510564804077148,
                0,
                0,
                0,
                1
            ],
            "shapes": [
                {
                    "type": "mesh",
                    "filename": "ggslac/meshes/dinopet.off"
                }
            ]
        },
        {
            "transform": [
                -0.5877852439880371,
                -0.6481460928916931,
                -0.48416438698768616,
                -3.09017014503479,
                0,
                -0.5984600782394409,
                0.8011526465415955,
                0,
                -0.80901700258255,
                0.47090569138526917,
                0.3517659902572632,
                9.510564804077148,
                0,
                0,
                0,
                1
            ],
            "shapes": [
                {
                    "type": "mesh",
                    "filename": "ggslac/meshes/dinopet.off"
                }
            ]
        },
        {
            "transform": [
                -0.30901700258255005,
                -0.7619414925575256,
                -0.5691693425178528,
                -8.090169906616211,
                0,
                -0.5984600782394409,
                0.8011526465415955,
                0,
                -0.9510565400123596,
                0.24756978452205658,
                0.1849343329668045,
                5.877852439880371,
                0,
                0,
                0,
                1
            ],
            "shapes": [
                {
                    "type": "mesh",
                    "filename": "ggslac/meshes/dinopet.off"
                }
            ]
        },
        {
            "transform": [
                -1.8369701465288538e-16,
                -0.8011526465415955,
                -0.5984600782394409,
                -10,
                0,
                -0.5984600782394409,
                0.8011526465415955,
                0,
                -1,
                1.4716935407725412e-16,
                1.0993532758061687e-16,
                3.673940187178589e-15,
                0,
                0,
                0,
                1
            ],
            "shapes": [
                {
                    "type": "mesh",
                    "filename": "ggslac/meshes/dinopet.off"
                }
            ]
        },
        {
            "transform": [
                0.30901700258255005,
                -0.7619414925575256,
                -0.5691693425178528,
                -8.090169906616211,
                0,
                -0.5984600782394409,
                0.8011526465415955,
                0,
                -0.9510565400123596,
                -0.24756978452205658,
                -0.1849343329668045,
                -5.877852439880371,
                0,
                0,
                0,
                1
            ],
            "shapes": [
                {
                    "type": "mesh",
                    "filename": "ggslac/meshes/dinopet.off"
                }
            ]
        },
        {
            "transform": [
                0.5877852439880371,
                -0.6481460928916931,
                -0.48416438698768616,
                -3.09017014503479,
                0,
                -0.5984600782394409,
                0.8011526465415955,
                0,
                -0.80901700258255,
                -0.47090569138526917,
                -0.3517659902572632,
                -9.510564804077148,
                0,
                0,
                0,
                1
            ],
            "shapes": [
                {
                    "type": "mesh",
                    "filename": "ggslac/meshes/dinopet.off"
                }
            ]
        },
        {
            "transform": [
                0.80901700258255,
                -0.47090569138526917,
                -0.3517659902572632,
                3.09017014503479,
                0,
                -0.5984600782394409,
                0.8011526465415955,
                0,
                -0.5877852439880371,
                -0.6481460928916931,
                -0.48416438698768616,
                -9.510564804077148,
                0,
                0,
                0,
                1
            ],
            "shapes": [
                {
                    "type": "mesh",
                    "filename": "ggslac/meshes/dinopet.off"
                }
            ]
        },
        {
            "transform": [
                0.9510565400123596,
                -0.24756978452205658,
                -0.1849343329668045,
                8.090169906616211,
                0,
                -0.5984600782394409,
                0.8011526465415955,
                0,
                -0.30901700258255005,
                -0.7619414925575256,
                -0.5691693425178528,
                -5.877852439880371,
                0,
                0,
                0,
                1
            ],
            "shapes": [
                {
                    "type": "mesh",
                    "filename": "ggslac/meshes/dinopet.off"
                }
            ]
        }
    ]
}