{
    "lights": [
        {
            "pos": [
                0,
                200,
                0
            ],
            "color": [
                1,
                1,
                1
            ]
        },
        {
            "pos": [
                -5,
                2,
                -10
            ],
            "color": [
                1,
                1,
                1
            ]
        },
        {
            "pos": [
                5,
                2,
                10
            ],
            "color": [
                1,
                1,
                1
            ]
        }
    ],
    "cameras": [
        {},
        {},
        {}
    ],
    "name": "dinos",
    "materials": {
        "red": {
            "kd": [
                1,
                0,
                0.2
            ]
        },
        "green": {
            "kd": [
                0,
                0.6,
                0
            ]
        }
    },
    "children": [
        {
            "transform": [
                0.7,
                0,
                0,
                0,
                0,
                0.7,
                0,
                4,
                0,
                0,
                0.7,
                0,
                0,
                0,
                0,
                1
            ],
            "shapes": [
                {
                    "type": "sphere",
                    "radius":0.1,
                    "center":[0, 0, 0],
                    "material": "red"
                }
            ]

        },
        {
            "transform": [
                1,
                0,
                0,
                0,
                0,
                0,
                1,
                0,
                0,
                -1,
                0,
                0,
                0,
                0,
                0,
                1
            ],
            "shapes": [
                {
                    "type": "mesh",
                    "filename": "ggslac/meshes/dinopet.off",
                    "material": "red"
                }
            ]
        },
        {
            "transform": [
                6.123234262925839e-17,
                0,
                1,
                2.4492937051703357e-16,
                1,
                6.123234262925839e-17,
                -6.123234262925839e-17,
                4,
                -6.123234262925839e-17,
                1,
                3.74939976039497e-33,
                -2.4492937051703357e-16,
                0,
                0,
                0,
                1
            ],
            "shapes": [
                {
                    "type": "mesh",
                    "filename": "ggslac/meshes/dinopet.off",
                    "material": "green"
                }
            ]
        },
        {
            "transform": [
                -0.30901700258255005,
                0,
                0.9510565400123596,
                0,
                0.9510565400123596,
                6.123234262925839e-17,
                0.30901700258255005,
                4,
                -5.823542094786447e-17,
                1,
                -1.8921834267128088e-17,
                -2.4492939698681317e-16,
                0,
                0,
                0,
                1
            ],
            "shapes": [
                {
                    "type": "mesh",
                    "filename": "ggslac/meshes/dinopet.off",
                    "material": "green"
                }
            ]
        },
        {
            "transform": [
                -0.5877852439880371,
                0,
                0.80901700258255,
                0,
                0.80901700258255,
                6.123234262925839e-17,
                0.5877852439880371,
                4,
                -4.953800723611851e-17,
                1,
                -3.599146886768459e-17,
                -2.4492937051703357e-16,
                0,
                0,
                0,
                1
            ],
            "shapes": [
                {
                    "type": "mesh",
                    "filename": "ggslac/meshes/dinopet.off",
                    "material": "green"
                }
            ]
        },
        {
            "transform": [
                -0.80901700258255,
                0,
                0.5877852439880371,
                0,
                0.5877852439880371,
                6.123234262925839e-17,
                0.80901700258255,
                4,
                -3.599146886768459e-17,
                1,
                -4.953800723611851e-17,
                -2.4492937051703357e-16,
                0,
                0,
                0,
                1
            ],
            "shapes": [
                {
                    "type": "mesh",
                    "filename": "ggslac/meshes/dinopet.off",
                    "material": "green"
                }
            ]
        },
        {
            "transform": [
                -0.9510565400123596,
                0,
                0.30901700258255005,
                0,
                0.30901700258255005,
                6.123234262925839e-17,
                0.9510565400123596,
                4,
                -1.8921834267128088e-17,
                1,
                -5.823542094786447e-17,
                -2.4492939698681317e-16,
                0,
                0,
                0,
                1
            ],
            "shapes": [
                {
                    "type": "mesh",
                    "filename": "ggslac/meshes/dinopet.off",
                    "material": "green"
                }
            ]
        },
        {
            "transform": [
                -1,
                0,
                1.2246468525851679e-16,
                2.4492937051703357e-16,
                1.2246468525851679e-16,
                6.123234262925839e-17,
                1,
                4,
                -7.49879952078994e-33,
                1,
                -6.123234262925839e-17,
                -2.4492937051703357e-16,
                0,
                0,
                0,
                1
            ],
            "shapes": [
                {
                    "type": "mesh",
                    "filename": "ggslac/meshes/dinopet.off",
                    "material": "green"
                }
            ]
        },
        {
            "transform": [
                -0.9510565400123596,
                0,
                -0.30901700258255005,
                0,
                -0.30901700258255005,
                6.123234262925839e-17,
                0.9510565400123596,
                4,
                1.8921834267128088e-17,
                1,
                -5.823542094786447e-17,
                -2.4492939698681317e-16,
                0,
                0,
                0,
                1
            ],
            "shapes": [
                {
                    "type": "mesh",
                    "filename": "ggslac/meshes/dinopet.off",
                    "material": "green"
                }
            ]
        },
        {
            "transform": [
                -0.80901700258255,
                0,
                -0.5877852439880371,
                0,
                -0.5877852439880371,
                6.123234262925839e-17,
                0.80901700258255,
                4,
                3.599146886768459e-17,
                1,
                -4.953800723611851e-17,
                -2.4492937051703357e-16,
                0,
                0,
                0,
                1
            ],
            "shapes": [
                {
                    "type": "mesh",
                    "filename": "ggslac/meshes/dinopet.off",
                    "material": "green"
                }
            ]
        },
        {
            "transform": [
                -0.5877852439880371,
                0,
                -0.80901700258255,
                0,
                -0.80901700258255,
                6.123234262925839e-17,
                0.5877852439880371,
                4,
                4.953800723611851e-17,
                1,
                -3.599146886768459e-17,
                -2.4492937051703357e-16,
                0,
                0,
                0,
                1
            ],
            "shapes": [
                {
                    "type": "mesh",
                    "filename": "ggslac/meshes/dinopet.off",
                    "material": "green"
                }
            ]
        },
        {
            "transform": [
                -0.30901700258255005,
                0,
                -0.9510565400123596,
                0,
                -0.9510565400123596,
                6.123234262925839e-17,
                0.30901700258255005,
                4,
                5.823542094786447e-17,
                1,
                -1.8921834267128088e-17,
                -2.4492939698681317e-16,
                0,
                0,
                0,
                1
            ],
            "shapes": [
                {
                    "type": "mesh",
                    "filename": "ggslac/meshes/dinopet.off",
                    "material": "green"
                }
            ]
        },
        {
            "transform": [
                -1.8369701465288538e-16,
                0,
                -1,
                2.4492931757747437e-16,
                -1,
                6.123234262925839e-17,
                1.8369701465288538e-16,
                4,
                6.123234262925839e-17,
                1,
                -1.1248198179158957e-32,
                -2.4492937051703357e-16,
                0,
                0,
                0,
                1
            ],
            "shapes": [
                {
                    "type": "mesh",
                    "filename": "ggslac/meshes/dinopet.off",
                    "material": "green"
                }
            ]
        },
        {
            "transform": [
                0.30901700258255005,
                0,
                -0.9510565400123596,
                0,
                -0.9510565400123596,
                6.123234262925839e-17,
                -0.30901700258255005,
                4,
                5.823542094786447e-17,
                1,
                1.8921834267128088e-17,
                -2.4492939698681317e-16,
                0,
                0,
                0,
                1
            ],
            "shapes": [
                {
                    "type": "mesh",
                    "filename": "ggslac/meshes/dinopet.off",
                    "material": "green"
                }
            ]
        },
        {
            "transform": [
                0.5877852439880371,
                0,
                -0.80901700258255,
                0,
                -0.80901700258255,
                6.123234262925839e-17,
                -0.5877852439880371,
                4,
                4.953800723611851e-17,
                1,
                3.599146886768459e-17,
                -2.4492937051703357e-16,
                0,
                0,
                0,
                1
            ],
            "shapes": [
                {
                    "type": "mesh",
                    "filename": "ggslac/meshes/dinopet.off",
                    "material": "green"
                }
            ]
        },
        {
            "transform": [
                0.80901700258255,
                0,
                -0.5877852439880371,
                0,
                -0.5877852439880371,
                6.123234262925839e-17,
                -0.80901700258255,
                4,
                3.599146886768459e-17,
                1,
                4.953800723611851e-17,
                -2.4492937051703357e-16,
                0,
                0,
                0,
                1
            ],
            "shapes": [
                {
                    "type": "mesh",
                    "filename": "ggslac/meshes/dinopet.off",
                    "material": "green"
                }
            ]
        },
        {
            "transform": [
                0.9510565400123596,
                0,
                -0.30901700258255005,
                0,
                -0.30901700258255005,
                6.123234262925839e-17,
                -0.9510565400123596,
                4,
                1.8921834267128088e-17,
                1,
                5.823542094786447e-17,
                -2.4492939698681317e-16,
                0,
                0,
                0,
                1
            ],
            "shapes": [
                {
                    "type": "mesh",
                    "filename": "ggslac/meshes/dinopet.off",
                    "material": "green"
                }
            ]
        },
        {
            "transform": [
                1,
                0,
                -2.4492937051703357e-16,
                2.4492942345659277e-16,
                -2.4492937051703357e-16,
                6.123234262925839e-17,
                -1,
                4,
                1.499759904157988e-32,
                1,
                6.123234262925839e-17,
                -2.4492937051703357e-16,
                0,
                0,
                0,
                1
            ],
            "shapes": [
                {
                    "type": "mesh",
                    "filename": "ggslac/meshes/dinopet.off",
                    "material": "green"
                }
            ]
        },
        {
            "transform": [
                0.9510565400123596,
                0,
                0.30901700258255005,
                0,
                0.30901700258255005,
                6.123234262925839e-17,
                -0.9510565400123596,
                4,
                -1.8921834267128088e-17,
                1,
                5.823542094786447e-17,
                -2.4492939698681317e-16,
                0,
                0,
                0,
                1
            ],
            "shapes": [
                {
                    "type": "mesh",
                    "filename": "ggslac/meshes/dinopet.off",
                    "material": "green"
                }
            ]
        },
        {
            "transform": [
                0.80901700258255,
                0,
                0.5877852439880371,
                0,
                0.5877852439880371,
                6.123234262925839e-17,
                -0.80901700258255,
                4,
                -3.599146886768459e-17,
                1,
                4.953800723611851e-17,
                -2.4492937051703357e-16,
                0,
                0,
                0,
                1
            ],
            "shapes": [
                {
                    "type": "mesh",
                    "filename": "ggslac/meshes/dinopet.off",
                    "material": "green"
                }
            ]
        },
        {
            "transform": [
                0.5877852439880371,
                0,
                0.80901700258255,
                0,
                0.80901700258255,
                6.123234262925839e-17,
                -0.5877852439880371,
                4,
                -4.953800723611851e-17,
                1,
                3.599146886768459e-17,
                -2.4492937051703357e-16,
                0,
                0,
                0,
                1
            ],
            "shapes": [
                {
                    "type": "mesh",
                    "filename": "ggslac/meshes/dinopet.off",
                    "material": "green"
                }
            ]
        },
        {
            "transform": [
                0.30901700258255005,
                0,
                0.9510565400123596,
                0,
                0.9510565400123596,
                6.123234262925839e-17,
                -0.30901700258255005,
                4,
                -5.823542094786447e-17,
                1,
                1.8921834267128088e-17,
                -2.4492939698681317e-16,
                0,
                0,
                0,
                1
            ],
            "shapes": [
                {
                    "type": "mesh",
                    "filename": "ggslac/meshes/dinopet.off",
                    "material": "green"
                }
            ]
        }
    ]
}