{
    "name": "extinction",
    "materials": {
      "green": {
        "ka": [0.05, 0.05, 0.05],
        "kd": [0.0, 1.0, 0.0],
        "ks": [0.8, 0.0, 0.0]
      },
      "red": {
        "kd": [1.0, 0.0, 0.0]
      }
    },
    "lights": [
      { "pos": [0, 200, 0], "color": [1, 1, 1] },
      { "pos": [-5, 2, -10], "color": [1, 1, 1] },
      { "pos": [5, 2, 10], "color": [1, 1, 1] }
    ],
    "cameras": [
      {
        "pos": [-0.6, 10.75, 2.4],
        "rot": [0.55, 0.0, 0.0, 0.85],
        "fovy": 1.0
      },
      {
        "pos": [0.0, 1.5, -5.0],
        "rot": [0.0, 1.0, 0.0, 0.0],
        "fovy": 1.0
      }
    ],
    "children": [
      {
        "transform": [1, 0, 0, 0, 0, 1, 0, 0.5, 0, 0, 1, 0, 0, 0, 0, 1],
        "shapes": [
          {
            "type": "box",
            "length": 1,
            "width": 1,
            "height": 1,
            "center": [0, 0, 0],
            "material": "red"
          }
        ],
        "children": [
          {
            "transform": [
              0.707, 0, 0.707, 2, 0, 1, 0, 0, -0.707, 0, 0.707, 0, 0, 0, 0, 1
            ],
            "children": [
              {
                "transform": [2, 0, 0, 0, 0, 1, 0, 0, 0, 0, 1, 0, 0, 0, 0, 1],
                "shapes": [
                  {
                    "type": "box",
                    "length": 1,
                    "width": 1,
                    "height": 1,
                    "center": [0, 0, 0]
                  }
                ]
              }
            ]
          }
        ]
      },
      {
        "transform": [20, 0, 0, 0, 0, 20, 0, 0, 0, 0, 20, 0, 0, 0, 0, 1],
        "shapes": [
          {
            "type": "mesh",
            "filename": "ggslac/meshes/square.off",
            "material": "red"
          }
        ]
      },
      {
        "transform": [2, 0, 0, 0, 0, 1, 0, 0, 0, 0, 1, 0, 0, 0, 0, 1],
        "shapes": [
          {
            "type": "sphere",
            "radius": 0.5,
            "center": [0, 0, -10],
            "material": "green"
          }
        ]
      },
      {
        "shapes": [
          {
            "type": "sphere",
            "radius": 2,
            "center": [5, 0, -10],
            "material": "green"
          },
          {
            "type": "cylinder",
            "radius": 1,
            "height": 3,
            "center": [-4, 0, 0],
            "material": "red"
          },
          {
            "type": "cone",
            "radius": 1,
            "height": 2,
            "center": [-4, 0, -4],
            "material": "red"
          }
        ]
      },
      {
        "transform": [
          0.001, 0, 0, 0, 0, 0.001, 0, 0, 0, 0, -0.001, -2, 0, 0, 0, 1
        ],
        "shapes": [{ "type": "mesh", "filename": "ggslac/meshes/proftralie.off" }]
      },
      {
        "transform": [
          0.003, 0, 0, -6, 0, 0.003, 0, 0.2, 0, 0, 0.003, -6, 0, 0, 0, 1
        ],
        "shapes": [{ "type": "mesh", "filename": "ggslac/meshes/proftralie.off" }]
      },
  

        {
    "lights": [
        {
            "pos": [
                0,
                200,
                0
            ],
            "color": [
                1,
                1,
                1
            ]
        },
        {
            "pos": [
                5,
                2,
                10
            ],
            "color": [
                1,
                1,
                1
            ]
        }
    ],
    "cameras": [
        {},
        {},
        {}
    ],
    "children": [
        {
            "transform": [
                10,
                0,
                0,
                0,
                0,
                10,
                0,
                0,
                0,
                0,
                10,
                0,
                0,
                0,
                0,
                1
            ],
            "shapes": [
                {
                    "type": "mesh",
                    "filename": "ggslac/meshes/dinopet.off"
                }
            ],
            "children": [
                {}
            ]
        },
        {
            "transform": [
                6.123234262925839e-17,
                0,
                1,
                10,
                0,
                1,
                0,
                0,
                -1,
                0,
                6.123234262925839e-17,
                0,
                0,
                0,
                0,
                1
            ],
            "shapes": [
                {
                    "type": "mesh",
                    "filename": "ggslac/meshes/dinopet.off"
                }
            ]
        },
        {
            "transform": [
                5.823542094786447e-17,
                0.30901700258255005,
                0.9510565400123596,
                9.510564804077148,
                -1.8921834267128088e-17,
                0.9510565400123596,
                -0.30901700258255005,
                0,
                -1,
                0,
                6.123234262925839e-17,
                3.090169906616211,
                0,
                0,
                0,
                1
            ],
            "shapes": [
                {
                    "type": "mesh",
                    "filename": "ggslac/meshes/dinopet.off"
                }
            ]
        },
        {
            "transform": [
                4.953800723611851e-17,
                0.5877852439880371,
                0.80901700258255,
                8.090169906616211,
                -3.599146886768459e-17,
                0.80901700258255,
                -0.5877852439880371,
                0,
                -1,
                0,
                6.123234262925839e-17,
                5.877852439880371,
                0,
                0,
                0,
                1
            ],
            "shapes": [
                {
                    "type": "mesh",
                    "filename": "ggslac/meshes/dinopet.off"
                }
            ]
        },
        {
            "transform": [
                3.599146886768459e-17,
                0.80901700258255,
                0.5877852439880371,
                5.877852439880371,
                -4.953800723611851e-17,
                0.5877852439880371,
                -0.80901700258255,
                0,
                -1,
                0,
                6.123234262925839e-17,
                8.090169906616211,
                0,
                0,
                0,
                1
            ],
            "shapes": [
                {
                    "type": "mesh",
                    "filename": "ggslac/meshes/dinopet.off"
                }
            ]
        },
        {
            "transform": [
                1.8921834267128088e-17,
                0.9510565400123596,
                0.30901700258255005,
                3.090169906616211,
                -5.823542094786447e-17,
                0.30901700258255005,
                -0.9510565400123596,
                0,
                -1,
                0,
                6.123234262925839e-17,
                9.510564804077148,
                0,
                0,
                0,
                1
            ],
            "shapes": [
                {
                    "type": "mesh",
                    "filename": "ggslac/meshes/dinopet.off"
                }
            ]
        },
        {
            "transform": [
                3.74939976039497e-33,
                1,
                6.123234262925839e-17,
                6.123233998228043e-16,
                -6.123234262925839e-17,
                6.123234262925839e-17,
                -1,
                0,
                -1,
                0,
                6.123234262925839e-17,
                10,
                0,
                0,
                0,
                1
            ],
            "shapes": [
                {
                    "type": "mesh",
                    "filename": "ggslac/meshes/dinopet.off"
                }
            ]
        },
        {
            "transform": [
                -1.8921834267128088e-17,
                0.9510565400123596,
                -0.30901700258255005,
                -3.090169906616211,
                -5.823542094786447e-17,
                -0.30901700258255005,
                -0.9510565400123596,
                0,
                -1,
                0,
                6.123234262925839e-17,
                9.510564804077148,
                0,
                0,
                0,
                1
            ],
            "shapes": [
                {
                    "type": "mesh",
                    "filename": "ggslac/meshes/dinopet.off"
                }
            ]
        },
        {
            "transform": [
                -3.599146886768459e-17,
                0.80901700258255,
                -0.5877852439880371,
                -5.877852439880371,
                -4.953800723611851e-17,
                -0.5877852439880371,
                -0.80901700258255,
                0,
                -1,
                0,
                6.123234262925839e-17,
                8.090169906616211,
                0,
                0,
                0,
                1
            ],
            "shapes": [
                {
                    "type": "mesh",
                    "filename": "ggslac/meshes/dinopet.off"
                }
            ]
        },
        {
            "transform": [
                -4.953800723611851e-17,
                0.5877852439880371,
                -0.80901700258255,
                -8.090169906616211,
                -3.599146886768459e-17,
                -0.80901700258255,
                -0.5877852439880371,
                0,
                -1,
                0,
                6.123234262925839e-17,
                5.877852439880371,
                0,
                0,
                0,
                1
            ],
            "shapes": [
                {
                    "type": "mesh",
                    "filename": "ggslac/meshes/dinopet.off"
                }
            ]
        },
        {
            "transform": [
                -5.823542094786447e-17,
                0.30901700258255005,
                -0.9510565400123596,
                -9.510564804077148,
                -1.8921834267128088e-17,
                -0.9510565400123596,
                -0.30901700258255005,
                0,
                -1,
                0,
                6.123234262925839e-17,
                3.090169906616211,
                0,
                0,
                0,
                1
            ],
            "shapes": [
                {
                    "type": "mesh",
                    "filename": "ggslac/meshes/dinopet.off"
                }
            ]
        },
        {
            "transform": [
                -6.123234262925839e-17,
                1.2246468525851679e-16,
                -1,
                -10,
                -7.49879952078994e-33,
                -1,
                -1.2246468525851679e-16,
                0,
                -1,
                0,
                6.123234262925839e-17,
                1.2246467996456087e-15,
                0,
                0,
                0,
                1
            ],
            "shapes": [
                {
                    "type": "mesh",
                    "filename": "ggslac/meshes/dinopet.off"
                }
            ]
        },
        {
            "transform": [
                -5.823542094786447e-17,
                -0.30901700258255005,
                -0.9510565400123596,
                -9.510564804077148,
                1.8921834267128088e-17,
                -0.9510565400123596,
                0.30901700258255005,
                0,
                -1,
                0,
                6.123234262925839e-17,
                -3.090169906616211,
                0,
                0,
                0,
                1
            ],
            "shapes": [
                {
                    "type": "mesh",
                    "filename": "ggslac/meshes/dinopet.off"
                }
            ]
        },
        {
            "transform": [
                -4.953800723611851e-17,
                -0.5877852439880371,
                -0.80901700258255,
                -8.090169906616211,
                3.599146886768459e-17,
                -0.80901700258255,
                0.5877852439880371,
                0,
                -1,
                0,
                6.123234262925839e-17,
                -5.877852439880371,
                0,
                0,
                0,
                1
            ],
            "shapes": [
                {
                    "type": "mesh",
                    "filename": "ggslac/meshes/dinopet.off"
                }
            ]
        },
        {
            "transform": [
                -3.599146886768459e-17,
                -0.80901700258255,
                -0.5877852439880371,
                -5.877852439880371,
                4.953800723611851e-17,
                -0.5877852439880371,
                0.80901700258255,
                0,
                -1,
                0,
                6.123234262925839e-17,
                -8.090169906616211,
                0,
                0,
                0,
                1
            ],
            "shapes": [
                {
                    "type": "mesh",
                    "filename": "ggslac/meshes/dinopet.off"
                }
            ]
        },
        {
            "transform": [
                -1.8921834267128088e-17,
                -0.9510565400123596,
                -0.30901700258255005,
                -3.090169906616211,
                5.823542094786447e-17,
                -0.30901700258255005,
                0.9510565400123596,
                0,
                -1,
                0,
                6.123234262925839e-17,
                -9.510564804077148,
                0,
                0,
                0,
                1
            ],
            "shapes": [
                {
                    "type": "mesh",
                    "filename": "ggslac/meshes/dinopet.off"
                }
            ]
        },
        {
            "transform": [
                -1.1248198179158957e-32,
                -1,
                -1.8369701465288538e-16,
                -1.8369700935892946e-15,
                6.123234262925839e-17,
                -1.8369701465288538e-16,
                1,
                0,
                -1,
                0,
                6.123234262925839e-17,
                -10,
                0,
                0,
                0,
                1
            ],
            "shapes": [
                {
                    "type": "mesh",
                    "filename": "ggslac/meshes/dinopet.off"
                }
            ]
        },
        {
            "transform": [
                1.8921834267128088e-17,
                -0.9510565400123596,
                0.30901700258255005,
                3.090169906616211,
                5.823542094786447e-17,
                0.30901700258255005,
                0.9510565400123596,
                0,
                -1,
                0,
                6.123234262925839e-17,
                -9.510564804077148,
                0,
                0,
                0,
                1
            ],
            "shapes": [
                {
                    "type": "mesh",
                    "filename": "ggslac/meshes/dinopet.off"
                }
            ]
        },
        {
            "transform": [
                3.599146886768459e-17,
                -0.80901700258255,
                0.5877852439880371,
                5.877852439880371,
                4.953800723611851e-17,
                0.5877852439880371,
                0.80901700258255,
                0,
                -1,
                0,
                6.123234262925839e-17,
                -8.090169906616211,
                0,
                0,
                0,
                1
            ],
            "shapes": [
                {
                    "type": "mesh",
                    "filename": "ggslac/meshes/dinopet.off"
                }
            ]
        },
        {
            "transform": [
                4.953800723611851e-17,
                -0.5877852439880371,
                0.80901700258255,
                8.090169906616211,
                3.599146886768459e-17,
                0.80901700258255,
                0.5877852439880371,
                0,
                -1,
                0,
                6.123234262925839e-17,
                -5.877852439880371,
                0,
                0,
                0,
                1
            ],
            "shapes": [
                {
                    "type": "mesh",
                    "filename": "ggslac/meshes/dinopet.off"
                }
            ]
        },
        {
            "transform": [
                5.823542094786447e-17,
                -0.30901700258255005,
                0.9510565400123596,
                9.510564804077148,
                1.8921834267128088e-17,
                0.9510565400123596,
                0.30901700258255005,
                0,
                -1,
                0,
                6.123234262925839e-17,
                -3.090169906616211,
                0,
                0,
                0,
                1
            ],
            "shapes": [
                {
                    "type": "mesh",
                    "filename": "ggslac/meshes/dinopet.off"
                }
            ]
        }
    ]
}
    ]
  }
  