{
    "lights": [
        {
            "pos": [
                0,
                200,
                0
            ],
            "color": [
                1,
                1,
                1
            ]
        },
        {
            "pos": [
                -5,
                2,
                -10
            ],
            "color": [
                1,
                1,
                1
            ]
        },
        {
            "pos": [
                5,
                2,
                10
            ],
            "color": [
                1,
                1,
                1
            ]
        }
    ],
    "cameras": [
        {},
        {},
        {}
    ],
    "name": "dinos",
    "materials": {
        "red": {
            "kd": [
                1,
                0,
                0.2
            ]
        },
        "color1": {
            "kd": [
                1,
                0,
                0
            ]
        },
        "color2": {
            "kd": [
                1,
                0.5,
                0
            ]
        },
        "color3": {
            "kd": [
                1,
                1,
                0
            ]
        },
        "color4": {
            "kd": [
                0,
                0.9,
                0
            ]
        },
        "color5": {
            "kd": [
                0.1,
                0.1,
                1
            ]
        },
        "color6": {
            "kd": [
                0.3,
                0,
                0.5
            ]
        },
        "color7": {
            "kd": [
                0.6,
                0.1,
                1
            ]
        },
        "color8": {
            "kd": [
                0,
                0,
                0
            ]
        },
        "color9": {
            "kd": [
                1,
                1,
                1
            ]
        },
        "color10": {
            "kd": [
                0,
                1,
                1
            ]
        },
        "color11": {
            "kd": [
                1,
                0,
                1
            ]
        },
        "color12": {
            "kd": [
                0.6,
                0.6,
                0.6
            ]
        },
        "color13": {
            "kd": [
                0.6,
                0.3,
                0.4
            ]
        },
        "color14": {
            "kd": [
                0.4,
                0.4,
                0.8
            ]
        },
        "colorgold": {
            "kd": [
                1.0,
                0.85,
                0.0
            ]
        }
    },
    "children": [
        {
            "transform": [
                1,
                0,
                0,
                0,
                0,
                0,
                1,
                0,
                0,
                -1,
                0,
                0,
                0,
                0,
                0,
                1
            ],
            "shapes": [
                {
                    "type": "mesh",
                    "filename": "ggslac/meshes/dinopet.off"
                }
            ],
            "children": [
                {
                    "transform": [1, 0, 0, 2,
                                  0, 1, 0, 2,
                                  0, 0, 1, 2,
                                  0, 0, 0, 1],
                    "shapes": [
                        {
                            "type": "scene",
                            "filename": "../scenes/spawnDinos"
                        },
                        {
                            "type": "mesh",
                            "filename": "ggslac/meshes/dinopet.off",
                            "material": "colorgold"
                        }
                    ]
                }
            ]
        },
        {
            "transform": [
                1,
                0,
                0,
                77,
                0,
                1,
                2.4492937051703357e-16,
                0,
                0,
                -2.4492937051703357e-16,
                1,
                0,
                0,
                0,
                0,
                1
            ],
            "shapes": [
                {
                    "type": "mesh",
                    "filename": "ggslac/meshes/dinopet.off",
                    "material": "color1"
                }
            ]
        },
        {
            "transform": [
                0.8090170621871948,
                0.5877853035926819,
                1.6367065924782764e-8,
                42.48970031738281,
                -0.5877853631973267,
                0.8090170621871948,
                6.008241015820204e-9,
                -17.449691772460938,
                0,
                -2.2724117852621604e-16,
                1,
                -7.399009704589844,
                0,
                0,
                0,
                1
            ],
            "shapes": [
                {
                    "type": "mesh",
                    "filename": "ggslac/meshes/dinopet.off",
                    "material": "color2"
                }
            ]
        },
        {
            "transform": [
                0.30901703238487244,
                0.9510565400123596,
                -9.97436688798814e-10,
                -5.7272467613220215,
                -0.9510565400123596,
                0.30901700258255005,
                4.429178801501621e-9,
                13.060977935791016,
                0,
                -1.7923018640553982e-16,
                1,
                1.3066413402557373,
                0,
                0,
                0,
                1
            ],
            "shapes": [
                {
                    "type": "mesh",
                    "filename": "ggslac/meshes/dinopet.off",
                    "material": "color3"
                }
            ]
        },
        {
            "transform": [
                -0.30901703238487244,
                0.9510565400123596,
                -9.974367998211164e-10,
                -5.902185916900635,
                -0.9510565400123596,
                -0.30901700258255005,
                -4.429178801501621e-9,
                41.895328521728516,
                0,
                -1.1429343782569336e-16,
                1,
                21.870012283325195,
                0,
                0,
                0,
                1
            ],
            "shapes": [
                {
                    "type": "mesh",
                    "filename": "ggslac/meshes/dinopet.off",
                    "material": "color4"
                }
            ]
        },
        {
            "transform": [
                -0.8090170621871948,
                0.5877853035926819,
                1.6367065924782764e-8,
                9.98425579071045,
                -0.5877853631973267,
                -0.8090170621871948,
                -6.008241015820204e-9,
                21.757665634155273,
                0,
                -4.953800392739606e-17,
                1,
                33.424564361572266,
                0,
                0,
                0,
                1
            ],
            "shapes": [
                {
                    "type": "mesh",
                    "filename": "ggslac/meshes/dinopet.off",
                    "material": "color5"
                }
            ]
        },
        {
            "transform": [
                -1,
                2.4492937051703357e-16,
                0,
                3.1365153789520264,
                -2.4492937051703357e-16,
                -1,
                -1.1248199648526895e-32,
                -9.379437446594238,
                0,
                -7.49879952078994e-33,
                1,
                21.940553665161133,
                0,
                0,
                0,
                1
            ],
            "shapes": [
                {
                    "type": "mesh",
                    "filename": "ggslac/meshes/dinopet.off",
                    "material": "color6"
                }
            ]
        },
        {
            "transform": [
                -0.8090170621871948,
                -0.5877853035926819,
                -1.6367065924782764e-8,
                -3.640889883041382,
                0.5877853631973267,
                -0.8090170621871948,
                -6.008241015820204e-9,
                -13.610370635986328,
                0,
                2.6149336449838743e-17,
                1,
                -4.007031440734863,
                0,
                0,
                0,
                1
            ],
            "shapes": [
                {
                    "type": "mesh",
                    "filename": "ggslac/meshes/dinopet.off",
                    "material": "color7"
                }
            ]
        },
        {
            "transform": [
                -0.30901703238487244,
                -0.9510565400123596,
                9.974367998211164e-10,
                5.718876361846924,
                0.9510565400123596,
                -0.30901700258255005,
                -4.429178801501621e-9,
                -8.405389785766602,
                0,
                2.9672427718877646e-17,
                1,
                -23.061792373657227,
                0,
                0,
                0,
                1
            ],
            "shapes": [
                {
                    "type": "mesh",
                    "filename": "ggslac/meshes/dinopet.off",
                    "material": "color8"
                }
            ]
        },
        {
            "transform": [
                0.30901703238487244,
                -0.9510565400123596,
                9.97436910843419e-10,
                11.206839561462402,
                0.9510565400123596,
                0.30901700258255005,
                4.429178801501621e-9,
                -8.129654884338379,
                0,
                1.8921834267128088e-17,
                1,
                -24.139530181884766,
                0,
                0,
                0,
                1
            ],
            "shapes": [
                {
                    "type": "mesh",
                    "filename": "ggslac/meshes/dinopet.off",
                    "material": "color9"
                }
            ]
        },
        {
            "transform": [
                0.8090170621871948,
                -0.5877853035926819,
                -1.6367065924782764e-8,
                7.318231105804443,
                0.5877853631973267,
                0.8090170621871948,
                6.008241015820204e-9,
                -5.899692535400391,
                0,
                5.700489962400507e-18,
                1,
                -15.596312522888184,
                0,
                0,
                0,
                1
            ],
            "shapes": [
                {
                    "type": "mesh",
                    "filename": "ggslac/meshes/dinopet.off",
                    "material": "color10"
                }
            ]
        },
        {
            "transform": [
                1,
                -2.4492937051703357e-16,
                2.465190328815662e-32,
                4.189220428466797,
                2.4492937051703357e-16,
                1,
                2.465190328815662e-32,
                -5.608068466186523,
                0,
                0,
                1,
                -11.216136932373047,
                0,
                0,
                0,
                1
            ],
            "shapes": [
                {
                    "type": "mesh",
                    "filename": "ggslac/meshes/dinopet.off",
                    "material": "color11"
                }
            ]
        },
        {
            "transform": [
                0.8090170621871948,
                0.5877853035926819,
                1.6367065924782764e-8,
                1.9507055282592773,
                -0.5877853631973267,
                0.8090170621871948,
                6.008241015820204e-9,
                -9.677679061889648,
                0,
                5.700489962400507e-18,
                1,
                -11.868130683898926,
                0,
                0,
                0,
                1
            ],
            "shapes": [
                {
                    "type": "mesh",
                    "filename": "ggslac/meshes/dinopet.off",
                    "material": "color12"
                }
            ]
        },
        {
            "transform": [
                0.30901703238487244,
                0.9510565400123596,
                -9.97436910843419e-10,
                4.0202226638793945,
                -0.9510565400123596,
                0.30901700258255005,
                4.429178801501621e-9,
                -10.098210334777832,
                0,
                1.8921834267128088e-17,
                1,
                -5.956464767456055,
                0,
                0,
                0,
                1
            ],
            "shapes": [
                {
                    "type": "mesh",
                    "filename": "ggslac/meshes/dinopet.off",
                    "material": "color13"
                }
            ]
        },
        {
            "transform": [
                -0.30901703238487244,
                0.9510565400123596,
                -9.974367998211164e-10,
                11.0323486328125,
                -0.9510565400123596,
                -0.30901700258255005,
                -4.429178801501621e-9,
                -10.16657829284668,
                0,
                2.9672427718877646e-17,
                1,
                12.478431701660156,
                0,
                0,
                0,
                1
            ],
            "shapes": [
                {
                    "type": "mesh",
                    "filename": "ggslac/meshes/dinopet.off",
                    "material": "color14"
                }
            ]
        },
        {
            "transform": [
                -0.8090170621871948,
                0.5877853035926819,
                1.6367065924782764e-8,
                6.16953706741333,
                -0.5877853631973267,
                -0.8090170621871948,
                -6.008241015820204e-9,
                -8.45456600189209,
                0,
                2.6149336449838743e-17,
                1,
                31.746213912963867,
                0,
                0,
                0,
                1
            ],
            "shapes": [
                {
                    "type": "mesh",
                    "filename": "ggslac/meshes/dinopet.off",
                    "material": "color1"
                }
            ]
        },
        {
            "transform": [
                -1,
                2.4492934404725397e-16,
                0,
                -6.890673637390137,
                -2.4492934404725397e-16,
                -1,
                -1.1248196709791018e-32,
                9.355317115783691,
                0,
                2.2496396358317913e-32,
                1,
                33.221046447753906,
                0,
                0,
                0,
                1
            ],
            "shapes": [
                {
                    "type": "mesh",
                    "filename": "ggslac/meshes/dinopet.off",
                    "material": "color2"
                }
            ]
        },
        {
            "transform": [
                -0.8090170621871948,
                -0.5877853035926819,
                -1.6367065924782764e-8,
                -2.526294469833374,
                0.5877853631973267,
                -0.8090170621871948,
                -6.008241015820204e-9,
                22.466552734375,
                0,
                -4.953800392739606e-17,
                1,
                13.09787654876709,
                0,
                0,
                0,
                1
            ],
            "shapes": [
                {
                    "type": "mesh",
                    "filename": "ggslac/meshes/dinopet.off",
                    "material": "color3"
                }
            ]
        },
        {
            "transform": [
                -0.30901703238487244,
                -0.9510565400123596,
                9.974367998211164e-10,
                1.0340497493743896,
                0.9510565400123596,
                -0.30901700258255005,
                -4.429178801501621e-9,
                -6.058981418609619,
                0,
                -1.1429343782569336e-16,
                1,
                -11.262724876403809,
                0,
                0,
                0,
                1
            ],
            "shapes": [
                {
                    "type": "mesh",
                    "filename": "ggslac/meshes/dinopet.off",
                    "material": "color4"
                }
            ]
        },
        {
            "transform": [
                0.30901703238487244,
                -0.9510565400123596,
                9.97436688798814e-10,
                -31.41260528564453,
                0.9510565400123596,
                0.30901700258255005,
                4.429178801501621e-9,
                -44.00472640991211,
                0,
                -1.7923018640553982e-16,
                1,
                -19.35845947265625,
                0,
                0,
                0,
                1
            ],
            "shapes": [
                {
                    "type": "mesh",
                    "filename": "ggslac/meshes/dinopet.off",
                    "material": "color5"
                }
            ]
        },
        {
            "transform": [
                0.8090170621871948,
                -0.5877853035926819,
                -1.6367065924782764e-8,
                -58.68514633178711,
                0.5877853631973267,
                0.8090170621871948,
                6.008241015820204e-9,
                -33.74367141723633,
                0,
                -2.2724117852621604e-16,
                1,
                -9.670772552490234,
                0,
                0,
                0,
                1
            ],
            "shapes": [
                {
                    "type": "mesh",
                    "filename": "ggslac/meshes/dinopet.off",
                    "material": "color6"
                }
            ]
        },
        {
            "transform": [
                1,
                -4.898587410340671e-16,
                -4.930380657631324e-32,
                -21.844213485717773,
                4.898587410340671e-16,
                1,
                2.4492937051703357e-16,
                -6.712409973144531,
                0,
                -2.4492937051703357e-16,
                1,
                -3.552713678800501e-15,
                0,
                0,
                0,
                1
            ],
            "shapes": [
                {
                    "type": "mesh",
                    "filename": "ggslac/meshes/dinopet.off",
                    "material": "color7"
                }
            ]
        },
        {
            "transform": [
                0.8090170621871948,
                0.5877853035926819,
                1.6367065924782764e-8,
                34.577247619628906,
                -0.5877853631973267,
                0.8090170621871948,
                6.008241015820204e-9,
                -23.843027114868164,
                0,
                -2.2724117852621604e-16,
                1,
                -5.472705841064453,
                0,
                0,
                0,
                1
            ],
            "shapes": [
                {
                    "type": "mesh",
                    "filename": "ggslac/meshes/dinopet.off",
                    "material": "color8"
                }
            ]
        },
        {
            "transform": [
                0.30901703238487244,
                0.9510565400123596,
                -9.97436688798814e-10,
                34.662139892578125,
                -0.9510565400123596,
                0.30901700258255005,
                4.429178801501621e-9,
                -51.4152946472168,
                0,
                -1.7923018640553982e-16,
                1,
                -20.099824905395508,
                0,
                0,
                0,
                1
            ],
            "shapes": [
                {
                    "type": "mesh",
                    "filename": "ggslac/meshes/dinopet.off",
                    "material": "color9"
                }
            ]
        },
        {
            "transform": [
                -0.30901703238487244,
                0.9510565400123596,
                -9.974367998211164e-10,
                2.3147470951080322,
                -0.9510565400123596,
                -0.30901700258255005,
                -4.429178801501621e-9,
                -29.82964515686035,
                0,
                -1.1429343782569336e-16,
                1,
                -23.6713809967041,
                0,
                0,
                0,
                1
            ],
            "shapes": [
                {
                    "type": "mesh",
                    "filename": "ggslac/meshes/dinopet.off",
                    "material": "color10"
                }
            ]
        },
        {
            "transform": [
                -0.8090170621871948,
                0.5877853035926819,
                1.6367065924782764e-8,
                -3.1385934352874756,
                -0.5877853631973267,
                -0.8090170621871948,
                -6.008241015820204e-9,
                10.1216402053833,
                0,
                -4.953800392739606e-17,
                1,
                -5.866623878479004,
                0,
                0,
                0,
                1
            ],
            "shapes": [
                {
                    "type": "mesh",
                    "filename": "ggslac/meshes/dinopet.off",
                    "material": "color11"
                }
            ]
        },
        {
            "transform": [
                -1,
                7.347880586115415e-16,
                0,
                5.111070156097412,
                -7.347880586115415e-16,
                -1,
                -1.3122898022622243e-31,
                14.677042961120605,
                0,
                -3.749399686926573e-32,
                1,
                20.772367477416992,
                0,
                0,
                0,
                1
            ],
            "shapes": [
                {
                    "type": "mesh",
                    "filename": "ggslac/meshes/dinopet.off",
                    "material": "color12"
                }
            ]
        },
        {
            "transform": [
                -0.8090170621871948,
                -0.5877853035926819,
                -1.6367065924782764e-8,
                -4.103759765625,
                0.5877853631973267,
                -0.8090170621871948,
                -6.008241015820204e-9,
                -0.7322850227355957,
                0,
                2.6149336449838743e-17,
                1,
                34.01972961425781,
                0,
                0,
                0,
                1
            ],
            "shapes": [
                {
                    "type": "mesh",
                    "filename": "ggslac/meshes/dinopet.off",
                    "material": "color13"
                }
            ]
        },
        {
            "transform": [
                -0.30901703238487244,
                -0.9510565400123596,
                9.974367998211164e-10,
                -14.27713680267334,
                0.9510565400123596,
                -0.30901700258255005,
                -4.429178801501621e-9,
                -5.397509574890137,
                0,
                2.9672427718877646e-17,
                1,
                25.56328010559082,
                0,
                0,
                0,
                1
            ],
            "shapes": [
                {
                    "type": "mesh",
                    "filename": "ggslac/meshes/dinopet.off",
                    "material": "color14"
                }
            ]
        },
        {
            "transform": [
                0.30901703238487244,
                -0.9510565400123596,
                9.97436910843419e-10,
                -10.3787841796875,
                0.9510565400123596,
                0.30901700258255005,
                4.429178801501621e-9,
                -5.485589027404785,
                0,
                1.8921834267128088e-17,
                1,
                7.739875316619873,
                0,
                0,
                0,
                1
            ],
            "shapes": [
                {
                    "type": "mesh",
                    "filename": "ggslac/meshes/dinopet.off",
                    "material": "color1"
                }
            ]
        },
        {
            "transform": [
                0.8090170621871948,
                -0.5877853035926819,
                -1.6367065924782764e-8,
                -6.102939605712891,
                0.5877853631973267,
                0.8090170621871948,
                6.008241015820204e-9,
                -6.330299377441406,
                0,
                5.700489962400507e-18,
                1,
                -3.0190610885620117,
                0,
                0,
                0,
                1
            ],
            "shapes": [
                {
                    "type": "mesh",
                    "filename": "ggslac/meshes/dinopet.off",
                    "material": "color2"
                }
            ]
        },
        {
            "transform": [
                1,
                -7.347880586115415e-16,
                9.860761315262648e-32,
                -6.566109657287598,
                7.347880586115415e-16,
                1,
                2.711709361697228e-31,
                -2.426150321960449,
                0,
                0,
                1,
                -4.852300643920898,
                0,
                0,
                0,
                1
            ],
            "shapes": [
                {
                    "type": "mesh",
                    "filename": "ggslac/meshes/dinopet.off",
                    "material": "color3"
                }
            ]
        },
        {
            "transform": [
                0.8090170621871948,
                0.5877853035926819,
                1.6367065924782764e-8,
                -8.425025939941406,
                -0.5877853631973267,
                0.8090170621871948,
                6.008241015820204e-9,
                -0.408749520778656,
                0,
                5.700489962400507e-18,
                1,
                -8.86254596710205,
                0,
                0,
                0,
                1
            ],
            "shapes": [
                {
                    "type": "mesh",
                    "filename": "ggslac/meshes/dinopet.off",
                    "material": "color4"
                }
            ]
        },
        {
            "transform": [
                0.30901703238487244,
                0.9510565400123596,
                -9.97436910843419e-10,
                -13.487841606140137,
                -0.9510565400123596,
                0.30901700258255005,
                4.429178801501621e-9,
                -2.4001104831695557,
                0,
                1.8921834267128088e-17,
                1,
                -20.759937286376953,
                0,
                0,
                0,
                1
            ],
            "shapes": [
                {
                    "type": "mesh",
                    "filename": "ggslac/meshes/dinopet.off",
                    "material": "color5"
                }
            ]
        },
        {
            "transform": [
                -0.30901703238487244,
                0.9510565400123596,
                -9.974367998211164e-10,
                -11.978433609008789,
                -0.9510565400123596,
                -0.30901700258255005,
                -4.429178801501621e-9,
                -2.637054204940796,
                0,
                2.9672427718877646e-17,
                1,
                -30.141828536987305,
                0,
                0,
                0,
                1
            ],
            "shapes": [
                {
                    "type": "mesh",
                    "filename": "ggslac/meshes/dinopet.off",
                    "material": "color6"
                }
            ]
        },
        {
            "transform": [
                -0.8090170621871948,
                0.5877853035926819,
                1.6367065924782764e-8,
                0.14040474593639374,
                -0.5877853631973267,
                -0.8090170621871948,
                -6.008241015820204e-9,
                -8.813399314880371,
                0,
                2.6149336449838743e-17,
                1,
                -22.01926612854004,
                0,
                0,
                0,
                1
            ],
            "shapes": [
                {
                    "type": "mesh",
                    "filename": "ggslac/meshes/dinopet.off",
                    "material": "color7"
                }
            ]
        },
        {
            "transform": [
                -1,
                7.347880586115415e-16,
                0,
                0.773129940032959,
                -7.347880586115415e-16,
                -1,
                -1.3122899198116594e-31,
                -14.687477111816406,
                0,
                5.249159444147767e-32,
                1,
                3.0915236473083496,
                0,
                0,
                0,
                1
            ],
            "shapes": [
                {
                    "type": "mesh",
                    "filename": "ggslac/meshes/dinopet.off",
                    "material": "color8"
                }
            ]
        },
        {
            "transform": [
                -0.8090170621871948,
                -0.5877853035926819,
                -1.6367065924782764e-8,
                -8.550881385803223,
                0.5877853631973267,
                -0.8090170621871948,
                -6.008241015820204e-9,
                9.010544776916504,
                0,
                -4.953800392739606e-17,
                1,
                25.993061065673828,
                0,
                0,
                0,
                1
            ],
            "shapes": [
                {
                    "type": "mesh",
                    "filename": "ggslac/meshes/dinopet.off",
                    "material": "color9"
                }
            ]
        },
        {
            "transform": [
                -0.30901703238487244,
                -0.9510565400123596,
                9.974367998211164e-10,
                5.315485954284668,
                0.9510565400123596,
                -0.30901700258255005,
                -4.429178801501621e-9,
                45.33308792114258,
                0,
                -1.1429343782569336e-16,
                1,
                28.260282516479492,
                0,
                0,
                0,
                1
            ],
            "shapes": [
                {
                    "type": "mesh",
                    "filename": "ggslac/meshes/dinopet.off",
                    "material": "color10"
                }
            ]
        },
        {
            "transform": [
                0.30901703238487244,
                -0.9510565400123596,
                9.97436688798814e-10,
                23.550195693969727,
                0.9510565400123596,
                0.30901700258255005,
                4.429178801501621e-9,
                38.02847671508789,
                0,
                -1.7923018640553982e-16,
                1,
                12.290284156799316,
                0,
                0,
                0,
                1
            ],
            "shapes": [
                {
                    "type": "mesh",
                    "filename": "ggslac/meshes/dinopet.off",
                    "material": "color11"
                }
            ]
        },
        {
            "transform": [
                0.8090170621871948,
                -0.5877853035926819,
                -1.6367065924782764e-8,
                -9.192793846130371,
                0.5877853631973267,
                0.8090170621871948,
                6.008241015820204e-9,
                1.6958675384521484,
                0,
                -2.2724117852621604e-16,
                1,
                -1.9119871854782104,
                0,
                0,
                0,
                1
            ],
            "shapes": [
                {
                    "type": "mesh",
                    "filename": "ggslac/meshes/dinopet.off",
                    "material": "color12"
                }
            ]
        },
        {
            "transform": [
                1,
                -9.797174820681343e-16,
                -9.860761315262648e-32,
                -64.6059799194336,
                9.797174820681343e-16,
                1,
                2.4492937051703357e-16,
                3.808501720428467,
                0,
                -2.4492937051703357e-16,
                1,
                -4.76837158203125e-7,
                0,
                0,
                0,
                1
            ],
            "shapes": [
                {
                    "type": "mesh",
                    "filename": "ggslac/meshes/dinopet.off",
                    "material": "color13"
                }
            ]
        },
        {
            "transform": [
                0.8090170621871948,
                0.5877853035926819,
                1.6367065924782764e-8,
                -62.10821533203125,
                -0.5877853631973267,
                0.8090170621871948,
                6.008241015820204e-9,
                30.977800369262695,
                0,
                -2.2724117852621604e-16,
                1,
                10.504125595092773,
                0,
                0,
                0,
                1
            ],
            "shapes": [
                {
                    "type": "mesh",
                    "filename": "ggslac/meshes/dinopet.off",
                    "material": "color14"
                }
            ]
        },
        {
            "transform": [
                0.30901703238487244,
                0.9510565400123596,
                -9.97436688798814e-10,
                -13.939433097839355,
                -0.9510565400123596,
                0.30901700258255005,
                4.429178801501621e-9,
                16.111141204833984,
                0,
                -1.7923018640553982e-16,
                1,
                10.097640991210938,
                0,
                0,
                0,
                1
            ],
            "shapes": [
                {
                    "type": "mesh",
                    "filename": "ggslac/meshes/dinopet.off",
                    "material": "color1"
                }
            ]
        },
        {
            "transform": [
                -0.30901703238487244,
                0.9510565400123596,
                -9.974367998211164e-10,
                4.588840007781982,
                -0.9510565400123596,
                -0.30901700258255005,
                -4.429178801501621e-9,
                -24.97052001953125,
                0,
                -1.1429343782569336e-16,
                1,
                -8.43929386138916,
                0,
                0,
                0,
                1
            ],
            "shapes": [
                {
                    "type": "mesh",
                    "filename": "ggslac/meshes/dinopet.off",
                    "material": "color2"
                }
            ]
        },
        {
            "transform": [
                -0.8090170621871948,
                0.5877853035926819,
                1.6367065924782764e-8,
                -8.203474044799805,
                -0.5877853631973267,
                -0.8090170621871948,
                -6.008241015820204e-9,
                -27.500503540039062,
                0,
                -4.953800392739606e-17,
                1,
                -30.095945358276367,
                0,
                0,
                0,
                1
            ],
            "shapes": [
                {
                    "type": "mesh",
                    "filename": "ggslac/meshes/dinopet.off",
                    "material": "color3"
                }
            ]
        },
        {
            "transform": [
                -1,
                1.2246467996456087e-15,
                0,
                -6.036445140838623,
                -1.2246467996456087e-15,
                -1,
                -3.71190553136557e-31,
                1.051945686340332,
                0,
                -6.748919201368962e-32,
                1,
                -33.72642517089844,
                0,
                0,
                0,
                1
            ],
            "shapes": [
                {
                    "type": "mesh",
                    "filename": "ggslac/meshes/dinopet.off",
                    "material": "color4"
                }
            ]
        },
        {
            "transform": [
                -0.8090170621871948,
                -0.5877853035926819,
                -1.6367065924782764e-8,
                5.9692912101745605,
                0.5877853631973267,
                -0.8090170621871948,
                -6.008241015820204e-9,
                14.02585506439209,
                0,
                2.6149336449838743e-17,
                1,
                -15.295157432556152,
                0,
                0,
                0,
                1
            ],
            "shapes": [
                {
                    "type": "mesh",
                    "filename": "ggslac/meshes/dinopet.off",
                    "material": "color5"
                }
            ]
        },
        {
            "transform": [
                -0.30901703238487244,
                -0.9510565400123596,
                9.974367998211164e-10,
                2.3817169666290283,
                0.9510565400123596,
                -0.30901700258255005,
                -4.429178801501621e-9,
                11.467840194702148,
                0,
                2.9672427718877646e-17,
                1,
                8.55764102935791,
                0,
                0,
                0,
                1
            ],
            "shapes": [
                {
                    "type": "mesh",
                    "filename": "ggslac/meshes/dinopet.off",
                    "material": "color6"
                }
            ]
