{
    "lights": [
        {
            "pos": [
                0,
                200,
                0
            ],
            "color": [
                1,
                1,
                1
            ]
        },
        {
            "pos": [
                -5,
                2,
                -10
            ],
            "color": [
                1,
                1,
                1
            ]
        },
        {
            "pos": [
                5,
                2,
                10
            ],
            "color": [
                1,
                1,
                1
            ]
        }
    ],
    "cameras": [
        {},
        {},
        {}
    ],
    "name": "dinos",
    "materials": {
        "red": {
            "kd": [
                1,
                0,
                0.2
            ]
        }
    },
    "children": [
        {
            "transform": [
                1,
                0,
                0,
                13,
                0,
                1,
                0,
                0,
                0,
                0,
                1,
                0,
                0,
                0,
                0,
                1
            ],
            "shapes": [
                {
                    "type": "scene",
                    "filename": "stagdown1.json"
                }
            ]
        },
        {
            "transform": [
                0.9510565400123596,
                0,
                0.30901700258255005,
                12.363734245300293,
                0,
                1,
                0,
                0,
                -0.30901700258255005,
                0,
                0.9510565400123596,
                4.017220973968506,
                0,
                0,
                0,
                1
            ],
            "shapes": [
                {
                    "type": "scene",
                    "filename": "stagdown2.json"
                }
            ]
        },
        {
            "transform": [
                0.80901700258255,
                0,
                0.5877852439880371,
                10.517220497131348,
                0,
                1,
                0,
                0,
                -0.5877852439880371,
                0,
                0.80901700258255,
                7.641208171844482,
                0,
                0,
                0,
                1
            ],
            "shapes": [
                {
                    "type": "scene",
                    "filename": "stagdown3.json"
                }
            ]
        },
        {
            "transform": [
                0.5877852439880371,
                0,
                0.80901700258255,
                7.641208171844482,
                0,
                1,
                0,
                0,
                -0.80901700258255,
                0,
                0.5877852439880371,
                10.517220497131348,
                0,
                0,
                0,
                1
            ],
            "shapes": [
                {
                    "type": "scene",
                    "filename": "stagdown1.json"
                }
            ]
        },
        {
            "transform": [
                0.30901700258255005,
                0,
                0.9510565400123596,
                4.017220973968506,
                0,
                1,
                0,
                0,
                -0.9510565400123596,
                0,
                0.30901700258255005,
                12.363734245300293,
                0,
                0,
                0,
                1
            ],
            "shapes": [
                {
                    "type": "scene",
                    "filename": "stagdown2.json"
                }
            ]
        },
        {
            "transform": [
                6.123234262925839e-17,
                0,
                1,
                7.960204409454693e-16,
                0,
                1,
                0,
                0,
                -1,
                0,
                6.123234262925839e-17,
                13,
                0,
                0,
                0,
                1
            ],
            "shapes": [
                {
                    "type": "scene",
                    "filename": "stagdown3.json"
                }
            ]
        },
        {
            "transform": [
                -0.30901700258255005,
                0,
                0.9510565400123596,
                -4.017220973968506,
                0,
                1,
                0,
                0,
                -0.9510565400123596,
                0,
                -0.30901700258255005,
                12.363734245300293,
                0,
                0,
                0,
                1
            ],
            "shapes": [
                {
                    "type": "scene",
                    "filename": "stagdown1.json"
                }
            ]
        },
        {
            "transform": [
                -0.5877852439880371,
                0,
                0.80901700258255,
                -7.641208171844482,
                0,
                1,
                0,
                0,
                -0.80901700258255,
                0,
                -0.5877852439880371,
                10.517220497131348,
                0,
                0,
                0,
                1
            ],
            "shapes": [
                {
                    "type": "scene",
                    "filename": "stagdown2.json"
                }
            ]
        },
        {
            "transform": [
                -0.80901700258255,
                0,
                0.5877852439880371,
                -10.517220497131348,
                0,
                1,
                0,
                0,
                -0.5877852439880371,
                0,
                -0.80901700258255,
                7.641208171844482,
                0,
                0,
                0,
                1
            ],
            "shapes": [
                {
                    "type": "scene",
                    "filename": "stagdown3.json"
                }
            ]
        },
        {
            "transform": [
                -0.9510565400123596,
                0,
                0.30901700258255005,
                -12.363734245300293,
                0,
                1,
                0,
                0,
                -0.30901700258255005,
                0,
                -0.9510565400123596,
                4.017220973968506,
                0,
                0,
                0,
                1
            ],
            "shapes": [
                {
                    "type": "scene",
                    "filename": "stagdown1.json"
                }
            ]
        },
        {
            "transform": [
                -1,
                0,
                1.2246468525851679e-16,
                -13,
                0,
                1,
                0,
                0,
                -1.2246468525851679e-16,
                0,
                -1,
                1.5920408818909386e-15,
                0,
                0,
                0,
                1
            ],
            "shapes": [
                {
                    "type": "scene",
                    "filename": "stagdown2.json"
                }
            ]
        },
        {
            "transform": [
                -0.9510565400123596,
                0,
                -0.30901700258255005,
                -12.363734245300293,
                0,
                1,
                0,
                0,
                0.30901700258255005,
                0,
                -0.9510565400123596,
                -4.017220973968506,
                0,
                0,
                0,
                1
            ],
            "shapes": [
                {
                    "type": "scene",
                    "filename": "stagdown3.json"
                }
            ]
        },
        {
            "transform": [
                -0.80901700258255,
                0,
                -0.5877852439880371,
                -10.517220497131348,
                0,
                1,
                0,
                0,
                0.5877852439880371,
                0,
                -0.80901700258255,
                -7.641208171844482,
                0,
                0,
                0,
                1
            ],
            "shapes": [
                {
                    "type": "scene",
                    "filename": "stagdown1.json"
                }
            ]
        },
        {
            "transform": [
                -0.5877852439880371,
                0,
                -0.80901700258255,
                -7.641208171844482,
                0,
                1,
                0,
                0,
                0.80901700258255,
                0,
                -0.5877852439880371,
                -10.517220497131348,
                0,
                0,
                0,
                1
            ],
            "shapes": [
                {
                    "type": "scene",
                    "filename": "stagdown2.json"
                }
            ]
        },
        {
            "transform": [
                -0.30901700258255005,
                0,
                -0.9510565400123596,
                -4.017220973968506,
                0,
                1,
                0,
                0,
                0.9510565400123596,
                0,
                -0.30901700258255005,
                -12.363734245300293,
                0,
                0,
                0,
                1
            ],
            "shapes": [
                {
                    "type": "scene",
                    "filename": "stagdown3.json"
                }
            ]
        },
        {
            "transform": [
                -1.8369701465288538e-16,
                0,
                -1,
                -2.3880611640177303e-15,
                0,
                1,
                0,
                0,
                1,
                0,
                -1.8369701465288538e-16,
                -13,
                0,
                0,
                0,
                1
            ],
            "shapes": [
                {
                    "type": "scene",
                    "filename": "stagdown1.json"
                }
            ]
        },
        {
            "transform": [
                0.30901700258255005,
                0,
                -0.9510565400123596,
                4.017220973968506,
                0,
                1,
                0,
                0,
                0.9510565400123596,
                0,
                0.30901700258255005,
                -12.363734245300293,
                0,
                0,
                0,
                1
            ],
            "shapes": [
                {
                    "type": "scene",
                    "filename": "stagdown2.json"
                }
            ]
        },
        {
            "transform": [
                0.5877852439880371,
                0,
                -0.80901700258255,
                7.641208171844482,
                0,
                1,
                0,
                0,
                0.80901700258255,
                0,
                0.5877852439880371,
                -10.517220497131348,
                0,
                0,
                0,
                1
            ],
            "shapes": [
                {
                    "type": "scene",
                    "filename": "stagdown3.json"
                }
            ]
        },
        {
            "transform": [
                0.80901700258255,
                0,
                -0.5877852439880371,
                10.517220497131348,
                0,
                1,
                0,
                0,
                0.5877852439880371,
                0,
                0.80901700258255,
                -7.641208171844482,
                0,
                0,
                0,
                1
            ],
            "shapes": [
                {
                    "type": "scene",
                    "filename": "stagdown1.json"
                }
            ]
        },
        {
            "transform": [
                0.9510565400123596,
                0,
                -0.30901700258255005,
                12.363734245300293,
                0,
                1,
                0,
                0,
                0.30901700258255005,
                0,
                0.9510565400123596,
                -4.017220973968506,
                0,
                0,
                0,
                1
            ],
            "shapes": [
                {
                    "type": "scene",
                    "filename": "stagdown2.json"
                }
            ]
        }
    ]
}