{
    "lights": [
        {
            "pos": [
                0,
                200,
                0
            ],
            "color": [
                1,
                1,
                1
            ]
        },
        {
            "pos": [
                -5,
                2,
                -10
            ],
            "color": [
                1,
                1,
                1
            ]
        },
        {
            "pos": [
                5,
                2,
                10
            ],
            "color": [
                1,
                1,
                1
            ]
        }
    ],
    "cameras": [
        {},
        {},
        {}
    ],
    "name": "dinos",
    "materials": {
        "red": {
            "kd": [
                1,
                0,
                0.2
            ]
        }
    },
    "children": [
        {
            "transform": [
                1,
                0,
                0,
                22,
                0,
                1,
                0,
                0,
                0,
                0,
                1,
                0,
                0,
                0,
                0,
                1
            ],
            "shapes": [
                {
                    "type": "scene",
                    "filename": "stagup1.json"
                }
            ]
        },
        {
            "transform": [
                0.9781476259231567,
                0,
                0.2079116851091385,
                21.51924705505371,
                0,
                1,
                0,
                0,
                -0.2079116851091385,
                0,
                0.9781476259231567,
                4.574057102203369,
                0,
                0,
                0,
                1
            ],
            "shapes": [
                {
                    "type": "scene",
                    "filename": "stagup2.json"
                }
            ]
        },
        {
            "transform": [
                0.9135454297065735,
                0,
                0.4067366421222687,
                20.097999572753906,
                0,
                1,
                0,
                0,
                -0.4067366421222687,
                0,
                0.9135454297065735,
                8.948205947875977,
                0,
                0,
                0,
                1
            ],
            "shapes": [
                {
                    "type": "scene",
                    "filename": "stagup3.json"
                }
            ]
        },
        {
            "transform": [
                0.80901700258255,
                0,
                0.5877852439880371,
                17.79837417602539,
                0,
                1,
                0,
                0,
                -0.5877852439880371,
                0,
                0.80901700258255,
                12.931275367736816,
                0,
                0,
                0,
                1
            ],
            "shapes": [
                {
                    "type": "scene",
                    "filename": "stagup1.json"
                }
            ]
        },
        {
            "transform": [
                0.6691306233406067,
                0,
                0.7431448101997375,
                14.72087287902832,
                0,
                1,
                0,
                0,
                -0.7431448101997375,
                0,
                0.6691306233406067,
                16.349185943603516,
                0,
                0,
                0,
                1
            ],
            "shapes": [
                {
                    "type": "scene",
                    "filename": "stagup2.json"
                }
            ]
        },
        {
            "transform": [
                0.5,
                0,
                0.8660253882408142,
                11,
                0,
                1,
                0,
                0,
                -0.8660253882408142,
                0,
                0.5,
                19.05255889892578,
                0,
                0,
                0,
                1
            ],
            "shapes": [
                {
                    "type": "scene",
                    "filename": "stagup3.json"
                }
            ]
        },
        {
            "transform": [
                0.30901700258255005,
                0,
                0.9510565400123596,
                6.798373699188232,
                0,
                1,
                0,
                0,
                -0.9510565400123596,
                0,
                0.30901700258255005,
                20.923242568969727,
                0,
                0,
                0,
                1
            ],
            "shapes": [
                {
                    "type": "scene",
                    "filename": "stagup1.json"
                }
            ]
        },
        {
            "transform": [
                0.10452846437692642,
                0,
                0.9945219159126282,
                2.299626111984253,
                0,
                1,
                0,
                0,
                -0.9945219159126282,
                0,
                0.10452846437692642,
                21.87948226928711,
                0,
                0,
                0,
                1
            ],
            "shapes": [
                {
                    "type": "scene",
                    "filename": "stagup2.json"
                }
            ]
        },
        {
            "transform": [
                -0.10452846437692642,
                0,
                0.9945219159126282,
                -2.299626111984253,
                0,
                1,
                0,
                0,
                -0.9945219159126282,
                0,
                -0.10452846437692642,
                21.87948226928711,
                0,
                0,
                0,
                1
            ],
            "shapes": [
                {
                    "type": "scene",
                    "filename": "stagup3.json"
                }
            ]
        },
        {
            "transform": [
                -0.30901700258255005,
                0,
                0.9510565400123596,
                -6.798373699188232,
                0,
                1,
                0,
                0,
                -0.9510565400123596,
                0,
                -0.30901700258255005,
                20.923242568969727,
                0,
                0,
                0,
                1
            ],
            "shapes": [
                {
                    "type": "scene",
                    "filename": "stagup1.json"
                }
            ]
        },
        {
            "transform": [
                -0.5,
                0,
                0.8660253882408142,
                -11,
                0,
                1,
                0,
                0,
                -0.8660253882408142,
                0,
                -0.5,
                19.05255889892578,
                0,
                0,
                0,
                1
            ],
            "shapes": [
                {
                    "type": "scene",
                    "filename": "stagup2.json"
                }
            ]
        },
        {
            "transform": [
                -0.6691306233406067,
                0,
                0.7431448101997375,
                -14.72087287902832,
                0,
                1,
                0,
                0,
                -0.7431448101997375,
                0,
                -0.6691306233406067,
                16.349185943603516,
                0,
                0,
                0,
                1
            ],
            "shapes": [
                {
                    "type": "scene",
                    "filename": "stagup3.json"
                }
            ]
        },
        {
            "transform": [
                -0.80901700258255,
                0,
                0.5877852439880371,
                -17.79837417602539,
                0,
                1,
                0,
                0,
                -0.5877852439880371,
                0,
                -0.80901700258255,
                12.931275367736816,
                0,
                0,
                0,
                1
            ],
            "shapes": [
                {
                    "type": "scene",
                    "filename": "stagup1.json"
                }
            ]
        },
        {
            "transform": [
                -0.9135454297065735,
                0,
                0.4067366421222687,
                -20.097999572753906,
                0,
                1,
                0,
                0,
                -0.4067366421222687,
                0,
                -0.9135454297065735,
                8.948205947875977,
                0,
                0,
                0,
                1
            ],
            "shapes": [
                {
                    "type": "scene",
                    "filename": "stagup2.json"
                }
            ]
        },
        {
            "transform": [
                -0.9781476259231567,
                0,
                0.2079116851091385,
                -21.51924705505371,
                0,
                1,
                0,
                0,
                -0.2079116851091385,
                0,
                -0.9781476259231567,
                4.574057102203369,
                0,
                0,
                0,
                1
            ],
            "shapes": [
                {
                    "type": "scene",
                    "filename": "stagup3.json"
                }
            ]
        },
        {
            "transform": [
                -1,
                0,
                1.2246468525851679e-16,
                -22,
                0,
                1,
                0,
                0,
                -1.2246468525851679e-16,
                0,
                -1,
                2.6942229168686917e-15,
                0,
                0,
                0,
                1
            ],
            "shapes": [
                {
                    "type": "scene",
                    "filename": "stagup1.json"
                }
            ]
        },
        {
            "transform": [
                -0.9781476259231567,
                0,
                -0.2079116851091385,
                -21.51924705505371,
                0,
                1,
                0,
                0,
                0.2079116851091385,
                0,
                -0.9781476259231567,
                -4.574057102203369,
                0,
                0,
                0,
                1
            ],
            "shapes": [
                {
                    "type": "scene",
                    "filename": "stagup2.json"
                }
            ]
        },
        {
            "transform": [
                -0.9135454297065735,
                0,
                -0.4067366421222687,
                -20.097999572753906,
                0,
                1,
                0,
                0,
                0.4067366421222687,
                0,
                -0.9135454297065735,
                -8.948205947875977,
                0,
                0,
                0,
                1
            ],
            "shapes": [
                {
                    "type": "scene",
                    "filename": "stagup3.json"
                }
            ]
        },
        {
            "transform": [
                -0.80901700258255,
                0,
                -0.5877852439880371,
                -17.79837417602539,
                0,
                1,
                0,
                0,
                0.5877852439880371,
                0,
                -0.80901700258255,
                -12.931275367736816,
                0,
                0,
                0,
                1
            ],
            "shapes": [
                {
                    "type": "scene",
                    "filename": "stagup1.json"
                }
            ]
        },
        {
            "transform": [
                -0.6691306233406067,
                0,
                -0.7431448101997375,
                -14.72087287902832,
                0,
                1,
                0,
                0,
                0.7431448101997375,
                0,
                -0.6691306233406067,
                -16.349185943603516,
                0,
                0,
                0,
                1
            ],
            "shapes": [
                {
                    "type": "scene",
                    "filename": "stagup2.json"
                }
            ]
        },
        {
            "transform": [
                -0.5,
                0,
                -0.8660253882408142,
                -11,
                0,
                1,
                0,
                0,
                0.8660253882408142,
                0,
                -0.5,
                -19.05255889892578,
                0,
                0,
                0,
                1
            ],
            "shapes": [
                {
                    "type": "scene",
                    "filename": "stagup3.json"
                }
            ]
        },
        {
            "transform": [
                -0.30901700258255005,
                0,
                -0.9510565400123596,
                -6.798373699188232,
                0,
                1,
                0,
                0,
                0.9510565400123596,
                0,
                -0.30901700258255005,
                -20.923242568969727,
                0,
                0,
                0,
                1
            ],
            "shapes": [
                {
                    "type": "scene",
                    "filename": "stagup1.json"
                }
            ]
        },
        {
            "transform": [
                -0.10452846437692642,
                0,
                -0.9945219159126282,
                -2.299626111984253,
                0,
                1,
                0,
                0,
                0.9945219159126282,
                0,
                -0.10452846437692642,
                -21.87948226928711,
                0,
                0,
                0,
                1
            ],
            "shapes": [
                {
                    "type": "scene",
                    "filename": "stagup2.json"
                }
            ]
        },
        {
            "transform": [
                0.10452846437692642,
                0,
                -0.9945219159126282,
                2.299626111984253,
                0,
                1,
                0,
                0,
                0.9945219159126282,
                0,
                0.10452846437692642,
                -21.87948226928711,
                0,
                0,
                0,
                1
            ],
            "shapes": [
                {
                    "type": "scene",
                    "filename": "stagup3.json"
                }
            ]
        },
        {
            "transform": [
                0.30901700258255005,
                0,
                -0.9510565400123596,
                6.798373699188232,
                0,
                1,
                0,
                0,
                0.9510565400123596,
                0,
                0.30901700258255005,
                -20.923242568969727,
                0,
                0,
                0,
                1
            ],
            "shapes": [
                {
                    "type": "scene",
                    "filename": "stagup1.json"
                }
            ]
        },
        {
            "transform": [
                0.5,
                0,
                -0.8660253882408142,
                11,
                0,
                1,
                0,
                0,
                0.8660253882408142,
                0,
                0.5,
                -19.05255889892578,
                0,
                0,
                0,
                1
            ],
            "shapes": [
                {
                    "type": "scene",
                    "filename": "stagup2.json"
                }
            ]
        },
        {
            "transform": [
                0.6691306233406067,
                0,
                -0.7431448101997375,
                14.72087287902832,
                0,
                1,
                0,
                0,
                0.7431448101997375,
                0,
                0.6691306233406067,
                -16.349185943603516,
                0,
                0,
                0,
                1
            ],
            "shapes": [
                {
                    "type": "scene",
                    "filename": "stagup3.json"
                }
            ]
        },
        {
            "transform": [
                0.80901700258255,
                0,
                -0.5877852439880371,
                17.79837417602539,
                0,
                1,
                0,
                0,
                0.5877852439880371,
                0,
                0.80901700258255,
                -12.931275367736816,
                0,
                0,
                0,
                1
            ],
            "shapes": [
                {
                    "type": "scene",
                    "filename": "stagup1.json"
                }
            ]
        },
        {
            "transform": [
                0.9135454297065735,
                0,
                -0.4067366421222687,
                20.097999572753906,
                0,
                1,
                0,
                0,
                0.4067366421222687,
                0,
                0.9135454297065735,
                -8.948205947875977,
                0,
                0,
                0,
                1
            ],
            "shapes": [
                {
                    "type": "scene",
                    "filename": "stagup2.json"
                }
            ]
        },
        {
            "transform": [
                0.9781476259231567,
                0,
                -0.2079116851091385,
                21.51924705505371,
                0,
                1,
                0,
                0,
                0.2079116851091385,
                0,
                0.9781476259231567,
                -4.574057102203369,
                0,
                0,
                0,
                1
            ],
            "shapes": [
                {
                    "type": "scene",
                    "filename": "stagup3.json"
                }
            ]
        }
    ]
}